12.36 31.19 -5.07
12.43 31.30 -5.06
12.69 30.71 -4.82
12.73 31.16 -4.84
12.65 32.20 -4.87
12.53 33.83 -4.87
12.29 33.40 -5.10
12.33 33.80 -5.07
12.37 33.61 -5.05
12.43 33.06 -5.04
12.46 33.02 -5.03
12.30 32.28 -5.08
12.35 32.54 -5.06
12.45 32.44 -5.05
12.39 32.40 -5.04
12.33 32.09 -5.03
12.44 32.31 -5.02
12.49 32.52 -5.01
12.51 32.63 -5.01
12.54 32.71 -5.00
12.58 32.75 -5.00
12.40 30.74 -5.53
12.44 30.49 -5.18
12.50 33.34 -5.07
12.45 33.53 -5.04
12.37 34.98 -5.02
12.18 33.72 -5.21
12.26 33.07 -5.17
12.30 32.79 -5.14
12.36 32.79 -5.12
12.40 32.66 -5.10
12.31 32.67 -5.14
12.35 32.95 -5.11
12.44 32.70 -5.09
12.34 32.48 -5.08
12.27 32.29 -5.07
12.39 32.45 -5.05
12.44 32.16 -5.05
12.47 32.48 -5.04
12.50 32.22 -5.03
12.52 32.60 -5.03
12.33 32.64 -5.48
12.37 30.73 -5.15
12.47 28.87 -5.06
12.42 28.80 -5.04
12.36 28.97 -5.02
12.16 30.45 -5.22
12.20 30.67 -5.18
12.26 30.95 -5.15
12.32 31.14 -5.12
12.03 30.81 -5.23
11.96 30.82 -5.26
12.02 30.67 -5.23
12.15 30.68 -5.20
12.16 30.76 -5.19
12.13 30.79 -5.17
12.24 30.71 -5.15
12.33 30.66 -5.14
12.35 30.76 -5.13
12.42 30.59 -5.12
12.15 30.35 -5.17
12.04 29.55 -5.82
12.11 29.92 -5.32
12.18 30.79 -5.16
12.15 32.15 -5.11
12.12 32.28 -5.08
11.92 31.61 -5.21
12.01 31.83 -5.17
12.06 31.98 -5.14
12.11 32.29 -5.11
12.17 32.40 -5.09
12.00 32.51 -5.13
12.07 32.86 -5.10
12.17 32.91 -5.09
12.12 33.13 -5.07
12.08 33.05 -5.07
12.21 32.69 -5.05
12.28 32.93 -5.05
12.32 32.95 -5.04
12.36 33.00 -5.03
12.41 32.97 -5.03
12.31 32.33 -5.52
12.35 30.36 -5.17
12.42 30.59 -5.07
12.39 30.38 -5.05
12.34 29.42 -5.03
12.14 29.20 -5.20
12.24 29.05 -5.17
12.27 29.54 -5.14
12.29 30.71 -5.11
12.35 30.97 -5.10
12.25 30.35 -5.17
12.28 30.72 -5.14
12.35 30.96 -5.12
12.27 31.67 -5.10
12.21 31.90 -5.09
12.33 31.64 -5.08
12.40 31.74 -5.07
12.44 31.42 -5.07
12.47 31.22 -5.06
12.51 30.91 -5.05
12.33 37.00 -5.53
12.36 37.31 -5.18
12.43 34.83 -5.07
12.39 33.76 -5.05
12.32 34.36 -5.02
12.14 34.42 -5.23
12.18 34.98 -5.18
12.22 34.77 -5.15
12.27 34.70 -5.12
12.31 34.29 -5.10
12.19 33.90 -5.14
12.24 33.60 -5.12
12.36 33.10 -5.10
12.33 32.73 -5.09
12.27 32.76 -5.08
12.38 32.72 -5.07
12.40 32.80 -5.06
12.41 33.07 -5.05
12.44 33.09 -5.04
12.46 33.50 -5.03
12.37 31.64 -5.68
12.39 31.43 -5.25
12.47 31.30 -5.13
12.39 33.20 -5.08
12.33 33.62 -5.06
12.12 34.17 -5.23
12.19 33.46 -5.18
12.23 33.57 -5.15
12.27 33.75 -5.12
12.33 33.86 -5.10
12.20 33.27 -5.14
12.25 33.43 -5.12
12.34 33.31 -5.10
12.30 33.21 -5.09
12.22 32.97 -5.07
12.32 32.79 -5.06
12.35 32.95 -5.05
12.39 32.75 -5.05
12.43 32.45 -5.04
12.45 32.30 -5.03
12.35 24.50 -5.68
12.38 25.90 -5.26
12.46 27.72 -5.14
12.38 30.92 -5.09
12.31 29.91 -5.05
12.08 30.17 -5.20
12.16 30.48 -5.16
12.18 31.53 -5.12
12.24 31.09 -5.10
12.28 31.34 -5.08
12.20 31.24 -5.15
12.25 31.08 -5.12
12.32 31.48 -5.10
12.25 31.92 -5.09
12.23 31.81 -5.08
12.32 32.05 -5.06
12.39 32.31 -5.06
12.41 32.31 -5.05
12.44 32.42 -5.04
12.47 32.57 -5.04
12.38 28.40 -5.52
12.42 28.68 -5.18
12.49 31.11 -5.08
12.42 31.48 -5.04
12.35 30.75 -5.02
12.12 30.84 -5.25
12.19 31.27 -5.20
12.22 31.33 -5.18
12.27 31.17 -5.14
12.31 30.61 -5.13
12.25 30.86 -5.16
12.30 31.32 -5.13
12.37 31.34 -5.11
12.34 31.32 -5.10
12.27 31.32 -5.09
12.38 31.47 -5.08
12.41 31.20 -5.07
12.43 31.53 -5.06
12.45 31.63 -5.05
12.51 31.44 -5.04
12.34 29.68 -5.58
12.39 29.30 -5.21
12.43 32.91 -5.08
12.38 32.28 -5.05
12.32 32.62 -5.03
12.14 33.27 -5.21
12.21 32.26 -5.17
12.25 32.37 -5.14
12.30 32.18 -5.12
12.37 31.51 -5.10
12.25 31.77 -5.15
12.29 32.14 -5.12
12.38 32.07 -5.10
12.36 31.77 -5.09
12.31 31.56 -5.08
12.41 31.75 -5.07
12.48 31.72 -5.06
12.50 31.58 -5.06
12.51 31.92 -5.05
12.53 32.17 -5.04
12.36 27.73 -5.61
12.38 30.91 -5.22
12.45 30.84 -5.10
12.40 30.56 -5.06
12.34 30.81 -5.04
12.10 31.05 -5.24
12.18 31.88 -5.19
12.22 31.90 -5.16
12.28 31.76 -5.13
12.01 31.70 -5.25
11.91 31.88 -5.27
11.99 31.62 -5.23
12.08 31.38 -5.20
12.06 31.59 -5.18
12.04 31.84 -5.17
12.16 31.99 -5.15
12.24 32.41 -5.14
12.27 32.67 -5.12
12.31 32.72 -5.11
12.05 32.98 -5.16
11.91 37.64 -5.45
11.98 31.57 -5.14
12.09 32.06 -5.05
12.07 32.57 -5.03
12.05 31.92 -5.01
11.84 32.26 -5.18
11.92 32.66 -5.14
11.76 31.85 -5.27
11.83 32.62 -5.23
11.95 32.58 -5.20
11.89 31.98 -5.24
11.97 32.46 -5.21
12.10 32.13 -5.18
12.08 31.92 -5.17
12.06 32.21 -5.15
12.16 32.20 -5.13
12.22 32.59 -5.12
12.25 32.43 -5.11
12.29 32.18 -5.10
12.08 31.92 -5.19
11.96 28.49 -5.65
12.03 30.95 -5.24
12.12 31.35 -5.11
12.13 30.30 -5.07
12.09 30.81 -5.05
11.90 30.62 -5.24
12.03 29.96 -5.20
12.07 31.24 -5.16
12.13 31.61 -5.13
12.19 31.37 -5.11
12.01 32.34 -5.12
12.08 32.55 -5.10
12.16 33.15 -5.08
12.12 33.42 -5.07
12.10 33.07 -5.06
12.21 33.31 -5.05
12.29 33.27 -5.04
12.31 33.17 -5.04
12.36 33.11 -5.03
12.39 33.17 -5.02
12.23 35.53 -5.47
12.26 37.56 -5.14
12.32 36.17 -5.04
12.28 34.56 -5.02
12.22 33.04 -5.35
12.05 32.50 -5.55
12.13 33.32 -5.46
12.17 33.01 -5.39
12.25 32.72 -5.34
12.29 33.40 -5.30
12.13 33.51 -5.31
12.19 33.40 -5.27
12.29 33.25 -5.25
11.98 32.90 -5.35
11.95 32.72 -5.32
12.08 32.85 -5.29
11.93 32.57 -5.40
12.00 32.61 -5.38
12.06 32.77 -5.35
12.13 32.99 -5.33
12.05 25.54 -5.44
12.12 26.26 -5.13
12.22 28.57 -5.05
12.22 29.11 -5.04
12.19 28.85 -5.02
11.98 28.99 -5.18
12.08 29.53 -5.14
12.13 30.09 -5.12
12.19 30.49 -5.09
12.26 30.67 -5.08
12.11 30.50 -5.15
12.17 30.88 -5.12
12.25 30.82 -5.10
12.21 31.28 -5.09
12.16 31.13 -5.08
12.27 31.04 -5.07
12.32 30.69 -5.06
12.36 30.49 -5.06
12.38 30.91 -5.05
12.42 30.77 -5.04
12.34 33.08 -5.36
12.38 35.44 -5.09
12.44 35.17 -5.02
12.36 34.50 -4.99
12.26 34.10 -5.16
12.02 32.86 -5.33
12.09 32.04 -5.27
12.15 31.36 -5.24
12.23 30.99 -5.20
12.30 30.81 -5.18
12.19 31.43 -5.20
12.24 31.49 -5.17
12.32 30.93 -5.15
12.12 31.17 -5.23
11.93 31.36 -5.31
12.06 31.35 -5.29
12.16 31.24 -5.27
12.19 30.98 -5.25
12.25 31.01 -5.23
12.31 31.22 -5.22
12.09 25.36 -5.77
12.14 29.38 -5.30
12.25 30.05 -5.16
12.19 31.28 -5.10
12.15 30.24 -5.22
11.95 29.39 -5.39
12.06 29.82 -5.32
12.10 30.40 -5.27
12.15 30.76 -5.23
12.21 30.41 -5.20
12.11 31.42 -5.21
12.16 31.15 -5.18
12.26 31.47 -5.17
12.07 31.11 -5.23
12.03 31.50 -5.21
11.84 31.79 -5.26
11.94 32.33 -5.24
12.00 32.01 -5.23
12.10 31.83 -5.21
12.16 32.10 -5.20
12.03 33.86 -5.51
12.10 32.07 -5.17
12.19 31.73 -5.06
12.15 32.25 -5.04
12.10 33.47 -5.16
11.94 34.60 -5.35
12.07 33.54 -5.29
12.12 32.97 -5.24
12.19 32.63 -5.20
12.24 31.88 -5.18
12.10 32.09 -5.21
12.16 32.06 -5.18
12.26 32.23 -5.16
11.94 32.26 -5.26
11.93 32.20 -5.24
12.08 31.68 -5.22
12.00 31.72 -5.28
12.07 31.66 -5.26
12.13 31.79 -5.24
12.19 31.55 -5.23
12.06 28.39 -5.56
12.11 31.78 -5.19
12.24 29.50 -5.10
12.24 28.23 -5.08
12.19 28.73 -5.05
11.98 28.71 -5.22
12.09 29.43 -5.18
12.15 29.41 -5.15
12.20 29.85 -5.13
11.93 29.84 -5.23
11.84 30.20 -5.26
11.93 30.26 -5.23
12.06 30.15 -5.20
12.05 30.38 -5.18
12.00 30.58 -5.16
12.11 30.41 -5.15
12.21 30.28 -5.14
12.25 30.48 -5.12
12.29 30.69 -5.11
12.03 30.61 -5.17
11.91 30.15 -5.50
11.99 30.04 -5.17
12.13 28.91 -5.08
12.12 28.49 -5.05
12.02 27.97 -5.21
11.81 28.07 -5.35
11.91 27.69 -5.29
11.98 27.99 -5.26
12.08 28.39 -5.22
12.15 28.51 -5.19
12.06 28.64 -5.24
12.13 29.02 -5.20
12.24 28.94 -5.18
12.19 29.46 -5.17
11.99 29.74 -5.24
12.11 30.21 -5.21
12.19 30.74 -5.20
12.21 30.97 -5.18
12.25 31.38 -5.16
12.32 31.14 -5.15
12.19 44.31 -5.24
12.25 37.72 -5.04
12.35 34.90 -4.99
12.29 34.63 -4.97
12.20 33.99 -5.15
12.01 33.82 -5.31
12.10 33.76 -5.25
12.14 34.01 -5.21
12.17 34.45 -5.17
12.23 34.74 -5.15
12.08 35.26 -5.17
12.13 35.41 -5.14
12.22 35.51 -5.12
12.03 35.08 -5.21
11.97 34.75 -5.19
11.62 34.12 -5.27
11.76 33.67 -5.25
11.84 33.79 -5.23
11.91 34.04 -5.21
12.01 34.06 -5.20
11.96 30.63 -5.55
12.03 30.56 -5.19
12.16 29.15 -5.09
12.13 31.64 -5.06
12.09 31.63 -5.19
11.93 32.20 -5.38
12.03 32.49 -5.31
12.08 32.39 -5.26
12.15 32.34 -5.22
12.23 32.01 -5.20
12.09 32.59 -5.21
12.16 32.21 -5.18
12.25 32.45 -5.16
12.03 32.27 -5.24
11.83 31.74 -5.30
11.66 31.40 -5.37
11.74 31.48 -5.34
11.82 31.34 -5.32
11.91 31.42 -5.30
12.02 31.39 -5.28
11.96 32.86 -5.60
12.02 34.20 -5.21
12.14 31.07 -5.10
12.12 30.56 -5.07
12.07 31.97 -5.19
11.88 32.38 -5.34
12.01 31.96 -5.28
12.07 31.93 -5.23
12.13 31.71 -5.20
12.19 31.09 -5.17
12.14 31.81 -5.19
12.21 31.41 -5.16
12.30 31.47 -5.14
12.31 31.09 -5.13
12.27 30.95 -5.12
12.36 31.28 -5.10
12.43 31.43 -5.09
12.46 31.13 -5.09
12.51 30.84 -5.08
12.56 30.67 -5.07
12.39 24.97 -5.75
12.42 27.50 -5.29
12.48 28.66 -5.14
12.40 29.55 -5.09
12.34 29.34 -5.06
12.10 30.31 -5.23
12.16 30.44 -5.18
12.22 30.05 -5.16
12.27 30.58 -5.13
12.31 31.20 -5.11
12.12 31.16 -5.15
12.18 31.03 -5.12
12.27 31.07 -5.10
12.22 31.23 -5.09
12.19 31.04 -5.08
12.30 31.28 -5.07
12.36 31.23 -5.06
12.39 31.12 -5.06
12.44 30.84 -5.05
12.47 31.12 -5.04
12.36 40.45 -5.33
12.40 36.34 -5.08
12.49 32.47 -5.02
12.47 30.40 -5.01
12.40 30.14 -5.00
12.19 29.41 -5.18
12.27 29.26 -5.15
12.30 29.70 -5.12
12.34 30.31 -5.09
12.38 30.66 -5.08
12.21 30.06 -5.13
12.26 30.12 -5.10
12.35 30.04 -5.08
12.28 30.64 -5.07
12.22 31.22 -5.06
12.32 31.37 -5.05
12.38 31.28 -5.04
12.38 31.37 -5.04
12.45 31.15 -5.03
12.49 30.99 -5.03
12.32 43.40 -5.25
12.35 40.81 -5.04
12.44 37.70 -4.98
12.41 34.93 -4.99
12.36 34.24 -4.98
12.17 35.05 -5.19
12.27 33.84 -5.15
12.31 33.23 -5.13
12.37 32.71 -5.11
12.41 33.07 -5.09
12.27 32.95 -5.13
12.29 32.23 -5.11
12.40 31.71 -5.09
12.34 31.70 -5.08
12.30 31.61 -5.07
12.38 32.28 -5.06
12.42 32.29 -5.05
12.43 32.37 -5.04
12.45 32.44 -5.03
12.48 32.57 -5.03
12.43 27.41 -5.73
12.46 27.69 -5.28
12.50 28.11 -5.14
12.44 28.96 -5.09
12.36 30.53 -5.05
12.08 29.64 -5.23
12.18 29.59 -5.19
12.23 29.48 -5.17
12.27 29.93 -5.14
12.01 30.09 -5.25
11.90 30.33 -5.28
11.98 30.33 -5.24
12.11 30.03 -5.22
12.10 30.11 -5.20
12.05 30.45 -5.18
12.16 30.44 -5.16
12.23 30.23 -5.14
12.28 30.11 -5.14
12.30 30.59 -5.12
12.04 30.54 -5.17
11.90 30.43 -5.52
11.98 30.47 -5.18
12.10 30.62 -5.07
12.09 30.70 -5.05
12.07 30.80 -5.03
11.87 30.90 -5.19
12.00 30.00 -5.16
12.04 31.39 -5.12
12.11 31.79 -5.10
12.17 32.54 -5.08
12.05 32.40 -5.12
12.10 32.96 -5.10
12.20 33.06 -5.08
12.16 32.88 -5.07
12.13 33.06 -5.06
12.25 32.55 -5.05
12.35 32.22 -5.05
12.38 31.91 -5.04
12.44 31.85 -5.04
12.47 31.97 -5.03
12.30 38.20 -5.45
12.35 33.63 -5.14
12.41 32.91 -5.04
12.35 33.63 -5.02
12.30 33.27 -5.01
12.09 33.53 -5.22
12.19 32.71 -5.18
12.24 32.46 -5.15
12.28 31.87 -5.12
12.33 31.54 -5.11
12.29 31.38 -5.14
12.31 32.31 -5.11
12.35 32.60 -5.09
12.34 32.45 -5.08
12.29 32.44 -5.07
12.38 32.45 -5.06
12.42 32.73 -5.05
12.43 32.55 -5.05
12.47 32.35 -5.04
12.52 32.14 -5.03
12.35 33.50 -5.52
12.39 32.00 -5.18
12.45 31.95 -5.07
12.37 32.34 -5.03
12.30 32.90 -5.01
12.12 32.10 -5.17
12.21 32.40 -5.14
12.26 31.86 -5.12
12.30 31.93 -5.09
12.35 32.18 -5.08
12.29 32.20 -5.12
12.31 32.49 -5.09
12.39 32.09 -5.08
12.33 32.37 -5.07
12.28 32.36 -5.06
12.38 32.46 -5.05
12.41 32.77 -5.04
12.45 32.51 -5.04
12.47 32.53 -5.03
12.52 32.38 -5.03
12.38 33.45 -5.55
12.42 32.30 -5.19
12.48 33.14 -5.08
12.38 34.88 -5.04
12.33 33.73 -5.03
12.11 33.58 -5.24
12.19 33.06 -5.19
12.21 33.40 -5.16
12.27 33.14 -5.13
12.33 32.49 -5.12
12.19 32.82 -5.13
12.23 33.46 -5.11
12.32 33.54 -5.09
12.27 33.31 -5.08
12.23 33.32 -5.07
12.33 33.49 -5.06
12.38 33.61 -5.05
12.41 33.54 -5.04
12.43 33.54 -5.04
12.47 33.38 -5.03
12.33 38.14 -5.46
12.36 33.55 -5.15
12.47 31.50 -5.07
12.43 30.82 -5.05
12.36 30.70 -5.02
12.12 31.58 -5.19
12.18 33.17 -5.15
12.22 32.45 -5.13
12.27 32.78 -5.10
12.31 32.94 -5.09
12.18 32.91 -5.14
12.22 33.12 -5.11
12.28 33.44 -5.09
12.25 33.59 -5.08
12.21 33.45 -5.07
12.30 34.00 -5.06
12.37 33.72 -5.05
12.38 33.65 -5.04
12.41 33.37 -5.03
12.45 33.48 -5.03
12.34 31.40 -5.49
12.37 31.27 -5.15
12.41 33.77 -5.05
12.38 33.27 -5.03
12.33 31.88 -5.01
12.12 31.47 -5.19
12.16 31.16 -5.15
12.21 30.63 -5.14
12.29 30.21 -5.11
12.36 29.66 -5.10
12.23 30.10 -5.13
12.28 29.74 -5.11
12.35 29.96 -5.09
12.29 30.29 -5.08
12.24 30.05 -5.07
12.34 30.28 -5.05
12.35 30.36 -5.04
12.37 30.46 -5.04
12.43 30.25 -5.03
12.46 30.60 -5.03
12.33 37.90 -5.42
12.36 36.34 -5.12
12.42 32.70 -5.03
12.37 32.14 -5.01
12.31 31.08 -5.00
12.13 31.29 -5.22
12.21 31.83 -5.17
12.26 31.37 -5.14
12.33 31.21 -5.12
12.38 31.17 -5.10
12.28 31.27 -5.14
12.31 31.05 -5.11
12.39 31.01 -5.09
12.37 30.72 -5.09
12.31 30.79 -5.08
12.39 31.20 -5.06
12.44 31.49 -5.05
12.47 31.22 -5.05
12.49 31.41 -5.04
12.52 31.05 -5.04
12.36 26.59 -5.73
12.39 31.03 -5.28
12.47 29.70 -5.15
12.40 29.99 -5.09
12.33 31.76 -5.06
12.09 30.81 -5.24
12.16 31.56 -5.19
12.20 30.96 -5.17
12.28 30.56 -5.14
11.99 30.47 -5.27
11.93 31.11 -5.29
12.00 31.67 -5.25
12.08 32.47 -5.22
12.05 32.54 -5.20
12.03 32.84 -5.18
12.16 32.39 -5.16
12.25 31.87 -5.15
12.28 31.71 -5.14
12.35 31.53 -5.12
12.08 31.87 -5.18
11.96 30.33 -5.48
12.04 29.77 -5.16
12.14 30.97 -5.06
12.12 30.88 -5.03
12.10 29.70 -5.02
11.88 29.81 -5.20
11.99 30.83 -5.16
12.06 30.01 -5.14
12.16 29.70 -5.11
12.21 30.28 -5.10
12.15 30.10 -5.14
12.20 30.60 -5.12
12.32 30.15 -5.10
12.31 30.00 -5.10
12.24 30.57 -5.08
12.35 30.45 -5.07
12.40 30.67 -5.06
12.43 30.58 -5.06
12.46 30.57 -5.05
12.50 30.34 -5.04
12.38 31.82 -5.71
12.42 30.03 -5.27
12.45 34.33 -5.11
12.40 32.98 -5.08
12.34 31.83 -5.05
12.12 31.88 -5.24
12.20 32.08 -5.19
12.24 31.84 -5.17
12.32 31.50 -5.14
12.38 31.06 -5.12
12.29 30.95 -5.16
12.33 30.85 -5.13
12.41 30.97 -5.11
12.37 31.04 -5.10
12.30 31.33 -5.09
12.39 31.71 -5.07
12.45 32.07 -5.06
12.46 32.10 -5.06
12.48 32.13 -5.05
12.50 32.45 -5.04
12.37 35.19 -5.58
12.41 31.42 -5.21
12.47 32.21 -5.09
12.40 32.26 -5.06
12.35 32.28 -5.04
12.16 32.70 -5.22
12.21 31.78 -5.17
12.25 31.86 -5.14
12.29 32.21 -5.11
12.35 31.52 -5.10
12.19 31.31 -5.14
12.23 31.85 -5.12
12.31 32.35 -5.10
12.27 32.23 -5.09
12.24 32.05 -5.08
12.35 31.81 -5.07
12.42 31.81 -5.06
12.44 31.75 -5.05
12.46 32.11 -5.04
12.50 31.89 -5.04
12.38 34.96 -5.47
12.41 30.81 -5.15
12.47 33.03 -5.05
12.42 33.07 -5.03
12.36 32.71 -5.02
12.15 33.33 -5.21
12.22 32.76 -5.17
12.24 33.69 -5.13
12.28 34.07 -5.10
12.33 33.78 -5.09
12.12 33.99 -5.11
12.18 33.67 -5.09
12.29 33.23 -5.07
12.28 33.04 -5.07
12.23 32.77 -5.06
12.33 32.62 -5.04
12.40 32.50 -5.04
12.42 32.55 -5.03
12.45 32.44 -5.02
12.50 32.14 -5.02
12.46 34.24 -5.71
12.48 33.79 -5.27
12.52 34.66 -5.12
12.46 33.85 -5.09
12.38 33.32 -5.05
12.14 32.56 -5.23
12.21 32.62 -5.18
12.25 32.33 -5.16
12.31 31.72 -5.13
12.38 31.26 -5.12
12.27 31.73 -5.15
12.32 31.49 -5.13
12.40 31.49 -5.11
12.36 31.46 -5.10
12.30 31.87 -5.09
12.39 31.87 -5.07
12.44 32.06 -5.06
12.47 31.63 -5.06
12.52 31.25 -5.05
12.54 31.50 -5.05
12.34 29.88 -5.60
12.37 28.19 -5.22
12.45 30.00 -5.10
12.39 30.02 -5.06
12.34 30.21 -5.04
12.12 29.39 -5.22
12.18 30.35 -5.17
12.24 30.18 -5.15
12.30 29.96 -5.13
12.34 29.99 -5.11
12.17 30.31 -5.15
12.22 30.09 -5.12
12.31 30.65 -5.10
12.25 30.83 -5.09
12.22 30.45 -5.08
12.32 30.65 -5.07
12.35 31.03 -5.06
12.37 31.36 -5.05
12.40 31.62 -5.04
12.45 31.46 -5.04
12.32 38.98 -5.31
12.34 37.74 -5.07
12.40 36.99 -4.99
12.38 34.44 -4.99
12.31 35.32 -4.97
12.12 34.04 -5.17
12.22 34.00 -5.13
12.26 33.79 -5.11
12.30 33.37 -5.09
12.35 33.67 -5.07
12.19 32.79 -5.14
12.24 33.41 -5.11
12.35 32.78 -5.09
12.30 32.86 -5.09
12.24 33.06 -5.07
12.34 33.01 -5.06
12.41 32.66 -5.05
12.42 32.73 -5.05
12.44 32.93 -5.04
12.48 32.76 -5.03
12.34 28.22 -5.58
12.37 32.69 -5.20
12.44 33.48 -5.08
12.35 34.81 -5.05
12.29 35.20 -5.02
12.06 34.10 -5.23
12.15 33.58 -5.18
12.20 33.03 -5.16
12.26 32.89 -5.13
11.97 32.57 -5.25
11.91 32.75 -5.27
11.98 33.18 -5.24
12.07 33.54 -5.21
12.06 33.38 -5.19
12.02 33.60 -5.17
12.15 33.67 -5.15
12.23 33.69 -5.14
12.27 33.48 -5.13
12.35 33.17 -5.12
12.08 33.23 -5.17
12.00 31.16 -5.62
12.06 35.25 -5.22
12.14 34.21 -5.10
12.09 35.14 -5.06
12.05 36.22 -5.03
11.85 34.23 -5.18
11.91 33.50 -5.14
11.97 33.27 -5.11
12.07 32.32 -5.09
12.15 32.03 -5.07
12.09 31.62 -5.13
12.16 31.20 -5.10
12.23 31.57 -5.08
12.23 31.16 -5.08
12.17 30.83 -5.07
12.27 31.34 -5.05
12.32 31.78 -5.04
12.36 31.75 -5.04
12.39 31.89 -5.03
12.43 32.09 -5.03
12.33 26.90 -5.89
12.37 29.95 -5.36
12.43 30.73 -5.19
12.39 30.07 -5.13
12.33 29.53 -5.10
12.12 29.76 -5.27
12.22 29.64 -5.23
12.27 29.28 -5.20
12.31 29.20 -5.16
12.35 30.43 -5.14
12.26 30.09 -5.21
12.30 30.46 -5.17
12.37 31.00 -5.15
12.30 31.31 -5.13
12.24 31.44 -5.12
12.35 31.15 -5.10
12.41 30.83 -5.09
12.44 30.79 -5.09
12.46 30.97 -5.08
12.48 31.34 -5.07
12.38 32.21 -5.70
12.40 33.49 -5.26
12.46 34.06 -5.13
12.41 34.39 -5.09
12.36 32.71 -5.07
12.17 34.11 -5.26
12.25 33.93 -5.21
12.29 33.13 -5.19
12.32 33.65 -5.15
12.38 32.87 -5.14
12.30 32.76 -5.17
12.33 33.07 -5.14
12.42 32.62 -5.12
12.35 32.70 -5.11
12.27 32.15 -5.10
12.37 32.00 -5.08
12.42 31.55 -5.07
