12.39 36.84 -4.82
12.41 37.23 -4.83
12.33 36.44 -4.86
12.25 35.63 -4.87
12.04 35.48 -5.08
12.11 34.12 -5.06
12.14 34.02 -5.04
12.21 32.87 -5.03
12.25 33.14 -5.02
12.14 33.87 -5.04
12.18 34.36 -5.02
12.29 33.79 -5.01
12.23 33.59 -5.01
12.19 33.13 -5.01
12.27 33.43 -4.99
12.34 32.99 -4.99
12.37 32.79 -4.99
12.38 32.95 -4.98
12.41 33.29 -4.98
12.25 28.03 -5.69
12.28 30.84 -5.26
12.33 33.73 -5.11
12.28 32.92 -5.07
12.24 31.99 -5.05
12.06 31.30 -5.22
12.15 31.67 -5.17
12.20 31.66 -5.15
12.28 31.26 -5.12
12.32 31.41 -5.10
12.24 31.17 -5.15
12.28 30.90 -5.12
12.36 31.14 -5.10
12.29 31.45 -5.09
12.22 31.10 -5.08
12.32 31.23 -5.06
12.40 31.20 -5.06
12.42 30.97 -5.05
12.47 30.69 -5.05
12.51 30.68 -5.04
12.32 37.53 -5.49
12.36 35.67 -5.16
12.44 33.94 -5.07
12.38 34.98 -5.05
12.33 33.91 -5.03
12.13 34.57 -5.23
12.21 33.77 -5.19
12.26 32.74 -5.17
12.31 32.44 -5.14
12.02 32.17 -5.26
11.93 32.05 -5.29
12.01 31.94 -5.25
12.14 31.96 -5.23
12.14 31.90 -5.21
12.10 31.71 -5.19
12.22 31.61 -5.17
12.29 31.67 -5.16
12.32 31.61 -5.14
12.37 31.33 -5.13
12.10 31.21 -5.18
12.00 30.34 -5.82
12.06 31.47 -5.32
12.15 33.17 -5.16
12.14 33.06 -5.12
12.12 32.12 -5.09
11.90 32.25 -5.26
12.01 32.38 -5.21
12.04 32.68 -5.17
12.10 32.74 -5.14
12.17 32.83 -5.12
12.00 33.18 -5.15
12.07 33.21 -5.12
12.15 33.45 -5.10
12.12 33.34 -5.09
12.07 33.41 -5.08
12.18 33.65 -5.06
12.27 33.46 -5.05
12.31 33.17 -5.05
12.36 33.13 -5.04
12.39 33.09 -5.04
12.31 28.29 -5.61
12.35 29.71 -5.22
12.44 29.80 -5.11
12.42 28.74 -5.09
12.37 28.64 -5.06
12.16 28.50 -5.23
12.24 29.16 -5.19
12.26 30.52 -5.15
12.32 30.82 -5.12
12.36 30.46 -5.10
12.24 30.84 -5.13
12.28 31.09 -5.11
12.33 31.87 -5.08
12.27 32.10 -5.07
12.23 31.79 -5.07
12.33 31.90 -5.05
12.36 32.27 -5.04
12.39 32.00 -5.04
12.45 31.62 -5.03
12.48 31.89 -5.03
12.29 37.57 -5.41
12.33 33.78 -5.12
12.41 32.79 -5.04
12.35 33.77 -5.02
12.28 33.96 -5.00
12.10 34.65 -5.23
12.19 34.48 -5.19
12.23 34.43 -5.16
12.29 33.91 -5.13
12.33 34.03 -5.11
12.20 33.75 -5.15
12.25 33.92 -5.12
12.35 33.47 -5.11
12.30 33.45 -5.10
12.26 33.34 -5.09
12.35 33.40 -5.07
12.38 33.65 -5.06
12.40 33.64 -5.05
12.41 34.03 -5.04
12.45 33.91 -5.04
12.34 33.70 -5.50
12.38 33.83 -5.16
12.43 35.62 -5.05
12.37 35.54 -5.03
12.32 35.86 -5.01
12.06 34.66 -5.21
12.14 34.62 -5.16
12.18 34.69 -5.13
12.24 34.70 -5.10
12.29 33.97 -5.09
12.15 34.07 -5.12
12.22 33.90 -5.10
12.32 33.34 -5.08
12.27 33.52 -5.07
12.20 33.12 -5.06
12.30 33.29 -5.05
12.39 33.06 -5.04
12.42 32.87 -5.03
12.44 32.69 -5.03
12.49 32.28 -5.02
12.38 27.20 -5.66
12.42 29.32 -5.25
12.46 33.17 -5.11
12.42 31.33 -5.07
12.37 31.36 -5.05
12.12 31.50 -5.22
12.17 32.56 -5.17
12.22 31.93 -5.15
12.27 32.10 -5.12
12.33 31.93 -5.10
12.24 31.67 -5.17
12.28 32.06 -5.14
12.34 32.51 -5.11
12.32 32.36 -5.11
12.26 32.54 -5.09
12.36 32.80 -5.08
12.43 32.78 -5.07
12.44 32.87 -5.06
12.47 33.00 -5.05
12.50 32.76 -5.05
12.40 29.02 -5.62
12.43 32.51 -5.22
12.49 32.64 -5.10
12.45 31.42 -5.06
12.36 31.41 -5.03
12.13 31.77 -5.24
12.22 31.78 -5.19
12.25 31.54 -5.16
12.31 30.86 -5.13
12.35 31.13 -5.11
12.29 31.58 -5.15
12.33 31.60 -5.12
12.41 31.58 -5.10
12.35 31.55 -5.09
12.30 31.67 -5.08
12.39 31.38 -5.07
12.45 31.73 -5.06
12.47 31.82 -5.05
12.51 31.60 -5.04
12.55 31.51 -5.04
12.38 28.79 -5.61
12.40 34.48 -5.22
12.46 33.21 -5.10
12.40 33.40 -5.06
12.34 34.02 -5.04
12.15 32.69 -5.21
12.23 32.76 -5.17
12.28 32.26 -5.14
12.31 33.00 -5.11
12.36 32.25 -5.10
12.24 32.60 -5.14
12.29 32.49 -5.12
12.36 32.21 -5.10
12.28 32.73 -5.09
12.24 32.70 -5.08
12.32 32.81 -5.06
12.38 32.61 -5.05
12.39 32.91 -5.05
12.41 33.11 -5.04
12.46 32.84 -5.03
12.30 28.24 -5.61
12.34 31.44 -5.22
12.40 30.94 -5.10
12.36 31.14 -5.07
12.30 31.44 -5.04
12.08 32.26 -5.23
12.18 32.24 -5.19
12.22 32.03 -5.16
12.28 31.98 -5.13
12.00 31.65 -5.24
11.92 31.37 -5.27
12.00 31.15 -5.23
12.10 31.41 -5.20
12.09 31.70 -5.19
12.05 31.83 -5.17
12.17 32.31 -5.15
12.24 32.59 -5.13
12.26 32.65 -5.12
12.30 32.95 -5.11
12.04 33.16 -5.16
11.93 25.34 -5.71
12.01 29.21 -5.27
12.12 30.94 -5.13
12.11 30.52 -5.10
12.08 31.23 -5.06
11.86 31.84 -5.25
11.72 31.02 -5.39
11.79 31.98 -5.32
11.89 31.99 -5.27
11.98 31.41 -5.24
11.93 31.97 -5.26
12.01 31.66 -5.23
12.12 31.49 -5.20
12.10 31.83 -5.18
12.07 31.81 -5.17
12.17 32.27 -5.15
12.22 32.12 -5.14
12.26 31.87 -5.13
11.97 31.60 -5.24
12.07 31.45 -5.23
11.93 33.34 -5.43
12.00 32.78 -5.13
12.13 30.98 -5.05
12.10 31.44 -5.02
12.07 31.11 -5.01
11.89 30.21 -5.18
11.98 31.64 -5.14
12.02 32.00 -5.11
12.10 31.68 -5.08
12.15 32.71 -5.07
11.99 32.89 -5.11
12.05 33.52 -5.08
12.15 33.81 -5.06
12.14 33.40 -5.06
12.10 33.60 -5.05
12.22 33.56 -5.04
12.30 33.45 -5.03
12.33 33.36 -5.03
12.35 33.41 -5.02
12.39 33.52 -5.02
12.21 39.52 -5.34
12.25 36.49 -5.08
12.33 34.33 -5.01
12.33 32.43 -5.01
12.22 31.92 -5.34
12.05 32.94 -5.50
12.11 32.65 -5.41
12.17 32.37 -5.36
12.21 33.15 -5.30
12.27 33.30 -5.27
12.11 33.20 -5.29
12.17 33.05 -5.25
12.30 32.71 -5.23
12.00 32.53 -5.35
11.98 32.66 -5.32
11.88 32.39 -5.41
12.00 32.45 -5.38
12.04 32.62 -5.35
12.10 32.85 -5.33
12.15 32.48 -5.31
12.08 26.98 -5.69
12.14 30.13 -5.26
12.25 30.40 -5.14
12.25 29.74 -5.10
12.17 30.64 -5.43
11.94 30.49 -5.55
12.05 29.79 -5.47
12.09 31.33 -5.39
12.15 31.73 -5.34
12.21 31.40 -5.30
12.07 31.91 -5.32
12.13 32.04 -5.28
12.21 31.80 -5.25
12.17 31.74 -5.23
11.98 31.94 -5.31
11.80 31.82 -5.40
11.88 31.96 -5.37
11.97 31.68 -5.35
12.02 32.04 -5.32
12.10 31.85 -5.30
12.05 33.08 -5.36
12.12 35.44 -5.09
12.21 35.17 -5.02
12.15 34.50 -4.99
12.07 34.10 -5.16
11.85 34.24 -5.32
11.93 34.15 -5.26
12.00 33.94 -5.23
12.10 33.45 -5.19
12.18 32.79 -5.17
12.09 32.46 -5.20
12.14 33.18 -5.17
12.24 33.34 -5.15
12.20 33.53 -5.14
12.07 32.86 -5.21
11.91 32.38 -5.26
12.00 32.15 -5.24
12.04 32.38 -5.22
12.12 32.34 -5.21
12.19 32.42 -5.20
12.00 33.30 -5.43
12.07 32.97 -5.13
12.18 31.78 -5.05
12.17 30.64 -5.03
12.14 29.91 -5.02
11.94 29.41 -5.21
12.07 29.21 -5.17
12.12 30.19 -5.14
12.20 29.87 -5.12
12.26 30.20 -5.10
12.14 30.32 -5.14
12.18 30.67 -5.12
12.29 30.55 -5.10
12.29 30.27 -5.09
12.22 30.71 -5.08
12.32 31.08 -5.07
12.37 31.66 -5.06
12.39 31.38 -5.05
12.45 31.23 -5.05
12.49 31.16 -5.04
12.34 33.86 -5.51
12.37 32.07 -5.17
12.44 31.73 -5.06
12.37 32.25 -5.04
12.27 33.13 -5.37
12.09 34.33 -5.52
12.20 33.44 -5.44
12.25 32.81 -5.38
12.31 32.34 -5.33
12.37 32.42 -5.29
12.22 32.27 -5.32
12.26 32.16 -5.27
12.35 31.96 -5.25
12.31 31.95 -5.23
12.10 31.69 -5.36
11.87 31.39 -5.46
11.97 31.51 -5.43
12.02 31.74 -5.40
12.12 31.56 -5.37
12.21 31.48 -5.35
12.09 34.90 -5.38
12.16 32.40 -5.11
12.27 31.62 -5.03
12.27 29.83 -5.03
12.20 30.03 -5.36
11.98 29.79 -5.48
12.10 30.36 -5.40
12.16 30.22 -5.35
12.21 30.57 -5.30
11.93 30.48 -5.39
11.85 30.77 -5.40
11.94 30.59 -5.35
12.03 31.17 -5.32
11.81 31.31 -5.40
11.81 31.33 -5.37
11.96 30.99 -5.34
12.08 30.87 -5.31
12.14 31.01 -5.29
12.18 31.42 -5.27
11.93 31.70 -5.32
11.88 27.73 -5.85
11.97 28.13 -5.34
12.10 29.07 -5.19
12.12 28.97 -5.14
12.04 29.45 -5.28
11.84 29.28 -5.39
11.96 30.05 -5.32
12.01 30.46 -5.27
12.10 30.38 -5.23
12.18 29.87 -5.21
12.05 30.20 -5.23
12.12 30.23 -5.20
12.22 30.41 -5.18
12.17 30.64 -5.16
11.94 30.86 -5.24
11.66 31.15 -5.36
11.79 31.15 -5.33
11.88 31.13 -5.31
11.98 31.05 -5.29
12.06 31.27 -5.27
11.99 32.82 -5.56
12.06 34.19 -5.19
12.18 31.08 -5.09
12.16 31.64 -5.07
12.12 31.51 -5.04
11.94 31.22 -5.21
12.02 32.06 -5.17
12.08 31.58 -5.14
12.13 32.34 -5.11
12.19 32.40 -5.10
12.04 32.10 -5.15
12.11 32.19 -5.12
12.20 31.99 -5.10
12.18 31.97 -5.09
12.14 31.92 -5.08
12.26 31.62 -5.07
12.30 31.45 -5.06
12.33 31.46 -5.05
12.38 31.37 -5.04
12.45 31.25 -5.04
12.37 27.08 -5.75
12.40 31.50 -5.29
12.47 29.93 -5.15
12.45 29.10 -5.11
12.35 28.47 -5.42
12.16 29.57 -5.57
12.24 30.23 -5.48
12.27 30.41 -5.40
12.32 30.58 -5.35
12.38 30.42 -5.31
12.23 31.15 -5.32
12.28 30.89 -5.28
12.35 31.12 -5.25
12.11 31.27 -5.37
12.09 30.83 -5.34
11.77 30.56 -5.45
11.89 30.77 -5.42
11.96 30.70 -5.39
12.04 30.84 -5.37
12.11 30.76 -5.35
12.04 32.68 -5.57
12.11 30.70 -5.20
12.19 30.17 -5.08
12.18 29.55 -5.06
12.12 30.00 -5.40
11.92 30.92 -5.53
12.02 31.76 -5.44
12.09 30.98 -5.39
12.17 31.08 -5.33
12.23 31.63 -5.29
12.20 31.61 -5.32
12.26 31.22 -5.28
12.34 31.15 -5.25
12.28 31.43 -5.23
12.21 31.76 -5.21
12.31 32.04 -5.19
12.39 32.15 -5.17
12.42 31.81 -5.16
12.47 31.48 -5.15
12.53 31.28 -5.14
12.36 24.97 -5.75
12.39 27.50 -5.29
12.46 29.33 -5.15
12.40 29.45 -5.10
12.35 30.56 -5.07
12.12 29.55 -5.21
12.20 30.02 -5.16
12.26 29.81 -5.14
12.32 29.75 -5.11
12.38 29.29 -5.10
12.18 29.06 -5.15
12.24 29.37 -5.13
12.32 29.66 -5.11
12.31 29.46 -5.10
12.27 29.41 -5.09
12.36 29.60 -5.07
12.42 29.97 -5.06
12.43 30.23 -5.06
12.48 30.00 -5.05
12.50 30.32 -5.04
12.38 40.45 -5.33
12.42 36.34 -5.08
12.51 32.47 -5.02
12.49 30.40 -5.01
12.42 30.14 -5.00
12.20 29.41 -5.18
12.29 29.26 -5.15
12.31 29.70 -5.12
12.35 30.31 -5.09
12.39 30.66 -5.08
12.22 30.06 -5.13
12.26 30.12 -5.10
12.35 30.04 -5.08
12.28 30.64 -5.07
12.22 31.22 -5.06
12.33 31.37 -5.05
12.38 31.28 -5.04
12.39 31.37 -5.04
12.45 31.15 -5.03
12.50 30.99 -5.03
12.32 43.40 -5.25
12.35 40.81 -5.04
12.44 37.70 -4.98
12.41 34.93 -4.99
12.36 34.24 -4.98
12.17 35.05 -5.19
12.27 33.84 -5.15
12.31 33.23 -5.13
12.37 32.71 -5.11
12.41 33.07 -5.09
12.27 32.95 -5.13
12.29 32.23 -5.11
12.40 31.71 -5.09
12.34 31.70 -5.08
12.30 31.61 -5.07
12.38 32.28 -5.06
12.42 32.29 -5.05
12.42 32.37 -5.04
12.45 32.44 -5.03
12.48 32.57 -5.03
12.43 27.41 -5.73
12.46 27.69 -5.28
12.50 28.11 -5.14
12.44 28.96 -5.09
12.36 30.53 -5.05
12.08 29.64 -5.23
12.18 29.59 -5.19
12.23 29.48 -5.17
12.27 29.93 -5.14
12.01 30.09 -5.25
11.90 30.33 -5.28
11.98 30.33 -5.24
12.11 30.03 -5.22
12.10 30.11 -5.20
12.05 30.45 -5.18
12.16 30.44 -5.16
12.23 30.23 -5.14
12.28 30.11 -5.14
12.30 30.59 -5.12
12.04 30.54 -5.17
11.90 30.43 -5.52
11.98 30.47 -5.18
12.10 30.62 -5.07
12.09 30.70 -5.05
12.07 30.80 -5.03
11.87 30.90 -5.19
12.00 30.00 -5.16
12.04 31.39 -5.12
12.11 31.79 -5.10
12.18 31.67 -5.08
12.06 31.40 -5.13
12.13 31.24 -5.10
12.25 31.16 -5.09
12.22 30.83 -5.08
12.17 30.95 -5.07
12.27 30.74 -5.05
12.31 31.14 -5.04
12.34 31.31 -5.04
12.43 31.08 -5.03
12.45 31.31 -5.03
12.26 29.90 -5.67
12.31 30.72 -5.25
12.37 32.52 -5.11
12.35 32.32 -5.08
12.28 32.85 -5.05
12.07 31.96 -5.22
12.16 31.79 -5.18
12.21 31.21 -5.15
12.27 30.89 -5.12
12.33 30.78 -5.10
12.25 31.85 -5.11
12.28 32.21 -5.09
12.36 32.03 -5.07
12.27 32.06 -5.06
12.21 32.35 -5.05
12.32 31.94 -5.04
12.39 31.82 -5.03
12.41 32.14 -5.03
12.45 32.06 -5.02
12.49 32.06 -5.02
12.30 34.42 -5.41
12.33 32.62 -5.12
12.41 32.64 -5.04
12.39 32.25 -5.03
12.33 32.03 -5.01
12.15 32.60 -5.24
12.24 31.66 -5.20
12.27 31.50 -5.17
12.30 32.43 -5.13
12.34 32.59 -5.12
12.27 32.64 -5.15
12.31 32.40 -5.13
12.42 31.91 -5.11
12.41 31.45 -5.10
12.34 31.40 -5.09
12.43 31.73 -5.08
12.49 32.15 -5.07
12.48 32.08 -5.06
12.54 31.78 -5.06
12.57 31.95 -5.05
12.41 29.46 -5.58
12.44 28.11 -5.20
12.50 30.96 -5.09
12.44 32.46 -5.06
12.39 31.80 -5.04
12.16 31.96 -5.25
12.23 31.68 -5.20
12.25 32.19 -5.17
12.31 32.06 -5.14
12.37 31.53 -5.12
12.21 31.94 -5.14
12.26 32.66 -5.11
12.35 32.17 -5.10
12.30 31.79 -5.08
12.26 31.90 -5.07
12.36 31.71 -5.06
12.42 31.85 -5.05
12.43 31.77 -5.05
12.47 31.54 -5.04
12.53 31.44 -5.04
12.36 27.95 -5.76
12.38 27.64 -5.30
12.46 28.27 -5.15
12.44 27.93 -5.12
12.37 28.39 -5.08
12.12 29.57 -5.26
12.22 29.73 -5.21
12.27 29.38 -5.19
12.31 30.05 -5.16
12.36 30.28 -5.14
12.22 30.43 -5.17
12.27 30.24 -5.14
12.35 30.74 -5.12
12.32 30.79 -5.11
12.25 30.81 -5.10
12.35 31.17 -5.08
12.38 31.24 -5.07
12.38 31.48 -5.06
12.41 31.65 -5.05
12.46 31.64 -5.05
12.36 28.79 -5.53
12.39 31.14 -5.18
12.44 32.26 -5.06
12.40 32.24 -5.04
12.36 31.29 -5.03
12.15 30.63 -5.20
12.20 31.13 -5.15
12.21 32.09 -5.12
12.26 32.45 -5.09
12.30 33.04 -5.08
12.17 33.00 -5.10
12.22 32.46 -5.07
12.33 32.10 -5.06
12.25 32.68 -5.05
12.18 32.76 -5.04
12.28 33.09 -5.03
12.34 32.87 -5.02
12.38 32.54 -5.02
12.42 32.57 -5.02
12.45 32.59 -5.01
12.33 28.34 -5.67
12.36 31.56 -5.25
12.41 29.52 -5.11
12.36 29.76 -5.07
12.31 29.17 -5.05
12.13 29.70 -5.26
12.21 30.47 -5.21
12.26 30.18 -5.18
12.33 30.15 -5.15
12.38 30.22 -5.12
12.28 30.40 -5.16
12.31 30.25 -5.13
12.39 30.28 -5.11
12.37 30.03 -5.10
12.30 30.15 -5.09
12.39 30.61 -5.08
12.44 30.92 -5.07
12.46 30.69 -5.06
12.49 30.91 -5.06
12.52 30.57 -5.05
12.36 26.59 -5.73
12.39 31.03 -5.28
12.47 29.70 -5.15
12.40 29.99 -5.09
12.32 31.76 -5.06
12.09 30.81 -5.24
12.16 31.56 -5.19
12.20 30.96 -5.17
12.28 30.56 -5.14
11.99 30.47 -5.27
11.92 31.11 -5.29
11.99 31.67 -5.25
12.08 32.47 -5.22
12.05 32.54 -5.20
12.02 32.84 -5.18
12.15 32.39 -5.16
12.25 31.87 -5.15
12.28 31.71 -5.14
12.34 31.53 -5.12
12.07 31.87 -5.18
11.96 30.33 -5.48
12.04 29.77 -5.16
12.14 30.97 -5.06
12.12 30.88 -5.03
12.10 29.70 -5.02
11.88 29.81 -5.20
11.99 30.83 -5.16
12.06 30.01 -5.14
12.11 30.88 -5.11
12.17 31.34 -5.09
12.11 31.06 -5.14
12.16 31.40 -5.11
12.28 30.89 -5.10
12.28 30.68 -5.09
12.22 31.21 -5.08
12.32 31.05 -5.07
12.38 31.23 -5.06
12.40 31.20 -5.05
12.44 31.07 -5.04
12.47 31.09 -5.04
12.35 25.96 -5.92
12.39 29.06 -5.37
12.43 31.02 -5.19
12.39 31.36 -5.14
12.33 30.76 -5.10
12.12 31.25 -5.27
12.20 31.54 -5.21
12.25 31.22 -5.19
12.28 31.60 -5.15
12.33 31.80 -5.13
12.23 31.30 -5.19
12.26 30.96 -5.16
12.36 30.88 -5.14
12.31 31.20 -5.13
12.25 31.18 -5.11
12.36 31.16 -5.10
12.40 30.85 -5.09
12.41 31.46 -5.08
12.46 31.28 -5.07
12.51 31.07 -5.06
12.35 26.81 -5.61
12.39 27.23 -5.22
12.46 29.42 -5.10
12.39 30.17 -5.07
12.34 30.60 -5.04
12.15 31.30 -5.22
12.20 30.58 -5.18
12.24 30.82 -5.15
12.29 31.28 -5.12
12.34 30.69 -5.10
12.19 30.55 -5.15
12.22 31.16 -5.12
12.30 31.71 -5.10
12.26 31.63 -5.09
12.23 31.49 -5.08
12.34 31.31 -5.07
12.41 30.87 -5.06
12.42 31.13 -5.05
12.45 31.31 -5.04
12.48 31.48 -5.04
12.35 34.31 -5.41
12.39 33.28 -5.12
12.48 30.46 -5.05
12.42 30.80 -5.03
12.37 30.67 -5.02
12.16 32.03 -5.23
12.24 32.53 -5.18
12.27 32.25 -5.15
12.31 32.52 -5.12
12.35 33.13 -5.10
12.13 33.29 -5.13
12.20 32.80 -5.10
12.27 32.98 -5.08
12.25 32.56 -5.08
12.22 32.45 -5.07
12.32 32.65 -5.06
12.40 32.15 -5.05
12.43 32.00 -5.04
12.50 31.72 -5.04
12.55 31.56 -5.03
12.50 28.65 -5.90
12.51 32.89 -5.36
12.55 35.08 -5.18
12.48 34.02 -5.13
12.42 33.46 -5.09
12.17 32.68 -5.26
12.23 32.72 -5.21
12.27 32.42 -5.18
12.33 31.80 -5.15
12.40 31.33 -5.14
12.29 31.80 -5.17
12.34 31.55 -5.14
12.42 31.55 -5.12
12.37 31.52 -5.11
12.31 31.92 -5.10
12.40 31.92 -5.08
12.45 32.10 -5.07
12.48 31.67 -5.07
12.53 31.29 -5.06
12.55 31.53 -5.06
12.34 29.88 -5.60
12.37 28.19 -5.22
12.45 30.00 -5.10
12.39 30.02 -5.06
12.34 30.21 -5.04
12.13 29.39 -5.22
12.18 30.35 -5.17
12.24 30.18 -5.15
12.30 29.96 -5.13
12.34 29.99 -5.11
12.17 30.31 -5.15
12.23 30.62 -5.12
12.32 30.61 -5.10
12.29 30.87 -5.09
12.24 30.77 -5.08
12.34 31.17 -5.07
12.38 31.28 -5.06
12.39 31.61 -5.05
12.42 31.80 -5.04
12.44 32.16 -5.03
12.31 36.43 -5.39
12.34 35.99 -5.11
12.41 34.98 -5.02
12.35 35.67 -5.01
12.30 34.73 -5.00
12.12 33.08 -5.17
12.16 33.79 -5.13
12.19 33.72 -5.11
12.25 33.32 -5.08
12.32 33.20 -5.07
12.17 32.70 -5.13
12.23 32.60 -5.10
12.33 32.53 -5.08
12.27 32.76 -5.07
12.23 32.71 -5.07
12.35 32.37 -5.06
12.40 32.46 -5.05
12.40 32.69 -5.04
12.42 32.87 -5.03
12.47 32.70 -5.03
12.32 28.22 -5.58
12.36 32.69 -5.20
12.42 33.48 -5.08
12.34 34.81 -5.05
12.28 35.20 -5.02
12.05 34.10 -5.23
12.14 33.58 -5.18
12.19 33.03 -5.16
12.25 32.71 -5.13
11.99 32.41 -5.27
11.92 31.82 -5.32
11.99 32.07 -5.28
12.08 32.52 -5.24
12.10 32.18 -5.23
12.09 31.79 -5.21
12.21 31.87 -5.19
12.26 31.61 -5.17
12.28 31.58 -5.16
12.33 31.50 -5.15
12.07 31.79 -5.20
12.01 30.54 -5.71
12.07 33.17 -5.27
12.18 32.29 -5.13
12.16 33.18 -5.10
12.12 33.16 -5.06
11.90 32.00 -5.25
12.03 31.44 -5.21
12.07 31.58 -5.18
12.14 31.50 -5.15
12.21 30.86 -5.13
12.15 30.77 -5.17
12.19 30.99 -5.14
12.28 30.84 -5.12
12.25 31.01 -5.11
12.21 31.05 -5.10
12.33 30.77 -5.09
12.38 31.05 -5.08
12.39 31.26 -5.07
12.46 30.94 -5.06
12.52 30.92 -5.06
12.35 38.75 -5.41
12.38 37.26 -5.11
12.47 34.01 -5.04
12.44 33.35 -5.03
12.37 32.45 -5.01
12.16 31.42 -5.19
12.22 32.04 -5.15
12.26 31.86 -5.13
12.30 32.16 -5.10
12.35 32.36 -5.08
12.27 31.66 -5.16
12.31 31.74 -5.13
12.37 32.33 -5.11
12.30 32.54 -5.10
12.23 32.59 -5.08
12.35 32.23 -5.07
12.41 31.84 -5.06
12.44 31.75 -5.06
12.46 31.88 -5.05
12.48 32.21 -5.04
12.38 32.21 -5.70
12.40 33.49 -5.26
12.46 34.06 -5.13
12.41 34.39 -5.09
12.36 32.71 -5.07
12.17 34.11 -5.26
12.25 33.93 -5.21
12.29 33.45 -5.18
12.36 32.81 -5.15
12.41 32.82 -5.13
12.33 32.71 -5.17
12.37 32.38 -5.14
12.44 32.62 -5.12
12.40 32.43 -5.11
12.31 31.89 -5.10
