12.39 36.84 -4.82
12.41 37.23 -4.83
12.33 36.44 -4.86
12.25 35.63 -4.87
12.04 35.48 -5.08
12.11 34.12 -5.06
12.14 34.02 -5.04
12.21 32.87 -5.03
12.25 33.14 -5.02
12.14 33.87 -5.04
12.18 34.36 -5.02
12.29 33.79 -5.01
12.23 33.59 -5.01
12.19 33.13 -5.01
12.27 33.43 -4.99
12.34 32.99 -4.99
12.37 32.79 -4.99
12.38 32.95 -4.98
12.41 33.29 -4.98
12.25 28.03 -5.69
12.28 30.84 -5.26
12.33 33.73 -5.11
12.28 32.92 -5.07
12.24 31.99 -5.05
12.06 31.30 -5.22
12.15 31.67 -5.17
12.20 31.66 -5.15
12.28 31.26 -5.12
12.32 31.41 -5.10
12.24 31.17 -5.15
12.28 30.90 -5.12
12.36 31.14 -5.10
12.29 31.45 -5.09
12.22 31.10 -5.08
12.32 31.23 -5.06
12.40 31.20 -5.06
12.42 30.97 -5.05
12.47 30.69 -5.05
12.51 30.68 -5.04
12.32 37.53 -5.49
12.36 35.67 -5.16
12.44 33.94 -5.07
12.38 34.98 -5.05
12.33 33.91 -5.03
12.10 33.51 -5.22
12.17 33.44 -5.18
12.22 32.45 -5.16
12.28 32.18 -5.13
11.98 31.75 -5.25
11.90 31.67 -5.27
11.98 31.60 -5.24
12.11 31.63 -5.21
12.12 31.60 -5.19
12.08 31.44 -5.18
12.20 31.35 -5.16
12.27 31.42 -5.14
12.31 31.20 -5.14
12.36 30.95 -5.13
12.10 30.84 -5.17
11.99 30.34 -5.82
12.05 31.47 -5.32
12.14 33.17 -5.16
12.13 33.06 -5.12
12.12 32.12 -5.09
11.90 32.25 -5.26
12.00 32.38 -5.21
12.04 32.68 -5.17
12.09 32.74 -5.14
12.17 32.83 -5.12
12.00 33.18 -5.15
12.06 33.21 -5.12
12.15 33.45 -5.10
12.12 33.34 -5.09
12.07 33.41 -5.08
12.18 33.65 -5.06
12.27 33.46 -5.05
12.31 33.17 -5.05
12.35 33.13 -5.04
12.39 33.09 -5.04
12.31 28.29 -5.61
12.35 29.71 -5.22
12.44 29.80 -5.11
12.42 28.74 -5.09
12.37 28.64 -5.06
12.16 28.50 -5.23
12.24 29.16 -5.19
12.26 30.52 -5.15
12.32 30.82 -5.12
12.37 30.16 -5.11
12.25 30.57 -5.13
12.28 30.84 -5.11
12.34 31.64 -5.09
12.27 31.89 -5.08
12.24 31.59 -5.07
12.33 31.72 -5.06
12.40 31.39 -5.05
12.43 31.17 -5.04
12.48 30.84 -5.04
12.51 31.14 -5.03
12.33 32.35 -5.56
12.37 33.72 -5.19
12.44 32.75 -5.09
12.38 33.74 -5.06
12.31 33.94 -5.03
12.13 34.64 -5.26
12.21 34.46 -5.21
12.25 34.41 -5.18
12.28 33.98 -5.14
12.34 33.59 -5.12
12.21 33.28 -5.17
12.26 32.77 -5.14
12.36 32.41 -5.12
12.32 32.46 -5.11
12.27 32.42 -5.10
12.36 32.54 -5.08
12.39 32.84 -5.07
12.41 32.88 -5.06
12.42 33.31 -5.05
12.46 33.23 -5.05
12.37 31.16 -5.66
12.40 31.14 -5.25
12.45 33.83 -5.11
12.38 34.20 -5.07
12.33 34.78 -5.05
12.07 33.76 -5.23
12.17 33.95 -5.19
12.20 34.11 -5.15
12.26 34.18 -5.12
12.31 33.50 -5.11
12.17 33.64 -5.14
12.23 33.51 -5.11
12.32 33.40 -5.09
12.26 33.13 -5.08
12.21 32.90 -5.07
12.31 33.08 -5.05
12.40 32.86 -5.05
12.42 32.68 -5.04
12.45 32.51 -5.03
12.50 32.11 -5.03
12.38 27.20 -5.66
12.42 29.32 -5.25
12.47 33.17 -5.11
12.42 31.33 -5.07
12.37 31.36 -5.05
12.13 31.50 -5.22
12.18 32.56 -5.17
12.23 31.93 -5.15
12.27 32.10 -5.12
12.33 31.93 -5.10
12.24 31.67 -5.17
12.28 32.06 -5.14
12.34 32.51 -5.11
12.32 32.36 -5.11
12.26 32.54 -5.09
12.36 32.80 -5.08
12.43 32.78 -5.07
12.45 32.54 -5.06
12.52 32.24 -5.06
12.54 32.04 -5.05
12.42 32.90 -5.48
12.45 34.46 -5.16
12.50 33.93 -5.05
12.46 32.39 -5.03
12.37 32.19 -5.00
12.14 32.42 -5.22
12.23 32.33 -5.17
12.26 32.03 -5.15
12.32 31.30 -5.12
12.36 31.51 -5.10
12.29 31.94 -5.14
12.33 31.92 -5.11
12.42 31.87 -5.09
12.36 31.83 -5.08
12.31 31.93 -5.07
12.40 31.63 -5.06
12.46 31.96 -5.05
12.47 32.03 -5.05
12.51 31.81 -5.04
12.56 31.71 -5.03
12.38 28.79 -5.61
12.40 34.48 -5.22
12.47 33.21 -5.10
12.40 33.40 -5.06
12.34 34.02 -5.04
12.15 32.69 -5.21
12.23 32.76 -5.17
12.27 32.49 -5.14
12.33 31.70 -5.12
12.37 31.97 -5.10
12.24 32.34 -5.14
12.29 31.97 -5.12
12.37 31.73 -5.10
12.28 32.29 -5.09
12.24 32.41 -5.08
12.34 32.35 -5.06
12.39 32.18 -5.06
12.40 32.50 -5.05
12.42 32.73 -5.04
12.46 32.73 -5.03
12.30 28.24 -5.61
12.34 31.44 -5.22
12.40 30.94 -5.10
12.36 31.14 -5.07
12.30 31.44 -5.04
12.08 32.26 -5.23
12.18 32.24 -5.19
12.22 32.03 -5.16
12.28 31.98 -5.13
12.00 31.65 -5.24
11.92 31.37 -5.27
12.00 31.15 -5.23
12.10 31.41 -5.20
12.09 31.70 -5.19
12.05 31.83 -5.17
12.17 32.31 -5.15
12.24 32.59 -5.13
12.26 32.65 -5.12
12.29 32.95 -5.11
12.04 33.16 -5.16
11.93 25.34 -5.71
12.01 29.21 -5.27
12.12 30.94 -5.13
12.11 30.52 -5.10
12.08 31.23 -5.06
11.86 31.84 -5.25
11.96 31.10 -5.20
11.83 32.00 -5.35
11.93 32.01 -5.30
12.02 31.42 -5.26
11.96 31.98 -5.28
12.04 31.67 -5.24
12.15 31.50 -5.22
12.13 31.84 -5.20
12.09 31.82 -5.18
12.20 32.28 -5.16
12.25 32.13 -5.14
12.28 31.80 -5.14
12.32 31.96 -5.12
12.06 32.57 -5.21
11.92 30.99 -5.54
12.01 28.99 -5.19
12.14 28.89 -5.09
12.13 28.92 -5.06
12.10 28.42 -5.04
11.92 29.30 -5.22
12.04 29.31 -5.18
12.08 30.12 -5.14
12.17 30.10 -5.12
12.23 30.21 -5.10
12.05 30.40 -5.14
12.11 30.54 -5.11
12.22 30.33 -5.09
12.15 30.88 -5.08
12.11 31.05 -5.07
12.21 31.46 -5.06
12.28 31.46 -5.05
12.30 31.51 -5.04
12.34 31.66 -5.03
12.41 31.61 -5.03
12.27 29.35 -5.61
12.32 31.52 -5.22
12.39 32.88 -5.10
12.35 32.55 -5.07
12.26 32.34 -5.39
12.08 32.34 -5.51
12.17 31.62 -5.43
12.19 32.39 -5.37
12.24 32.25 -5.31
12.30 32.08 -5.27
12.14 31.67 -5.30
12.18 31.26 -5.26
12.27 31.84 -5.23
12.01 32.08 -5.36
11.99 32.24 -5.33
11.88 32.00 -5.42
12.01 32.08 -5.39
12.05 32.27 -5.36
12.12 32.01 -5.34
12.19 32.08 -5.32
12.07 35.16 -5.38
12.14 31.68 -5.11
12.23 32.78 -5.03
12.24 32.42 -5.02
12.19 31.97 -5.36
11.98 32.04 -5.49
12.09 32.32 -5.41
12.14 32.49 -5.35
12.20 32.45 -5.30
12.28 32.09 -5.26
12.13 32.35 -5.30
12.18 32.18 -5.26
12.25 32.59 -5.23
12.22 32.34 -5.21
12.03 32.12 -5.27
11.70 31.64 -5.37
11.84 31.37 -5.35
11.90 31.76 -5.32
11.99 31.57 -5.30
12.07 31.64 -5.28
12.02 37.72 -5.36
12.09 36.21 -5.09
12.17 35.07 -5.01
12.15 34.44 -5.00
12.03 32.86 -5.16
11.82 31.87 -5.33
11.93 31.14 -5.27
12.00 30.74 -5.23
12.09 30.56 -5.20
12.14 31.28 -5.17
12.02 31.34 -5.20
12.08 30.76 -5.17
12.16 31.06 -5.15
12.14 31.30 -5.14
11.94 31.26 -5.21
11.81 31.13 -5.26
11.91 30.87 -5.24
11.97 31.01 -5.23
12.04 31.24 -5.21
12.14 30.94 -5.20
11.95 33.33 -5.53
12.03 32.40 -5.18
12.11 33.36 -5.07
12.12 31.54 -5.05
12.00 30.26 -5.21
11.83 30.56 -5.36
11.93 31.13 -5.30
11.99 31.43 -5.25
12.09 30.95 -5.22
12.14 32.01 -5.19
12.06 31.65 -5.24
12.13 31.96 -5.21
12.25 31.56 -5.19
12.20 31.94 -5.17
12.15 32.22 -5.16
11.97 32.76 -5.28
11.83 32.39 -5.38
11.91 32.18 -5.36
12.02 32.05 -5.34
12.10 32.14 -5.32
11.98 30.21 -5.53
12.06 30.66 -5.18
12.14 31.79 -5.06
12.09 33.44 -5.03
12.07 32.81 -5.02
11.91 31.84 -5.18
11.98 31.44 -5.14
12.04 31.25 -5.11
12.12 30.55 -5.09
12.19 30.91 -5.08
12.07 30.98 -5.13
12.13 31.26 -5.10
12.19 31.41 -5.08
12.16 31.40 -5.07
12.14 30.88 -5.06
12.24 31.02 -5.05
12.33 31.00 -5.04
12.35 31.17 -5.04
12.40 30.94 -5.03
12.43 30.82 -5.03
12.30 35.08 -5.34
12.34 30.08 -5.09
12.45 28.27 -5.03
12.40 28.87 -5.01
12.33 28.91 -5.35
12.10 29.65 -5.47
12.21 29.61 -5.39
12.23 30.07 -5.34
12.30 30.08 -5.29
12.03 30.41 -5.39
11.93 30.45 -5.40
12.00 30.32 -5.36
12.11 30.57 -5.33
12.06 30.77 -5.30
11.81 30.53 -5.36
11.97 30.39 -5.33
12.08 30.61 -5.31
12.12 30.82 -5.29
12.17 30.75 -5.27
11.91 30.69 -5.32
11.88 29.78 -5.67
11.97 28.26 -5.25
12.08 27.98 -5.12
12.10 27.48 -5.09
12.06 27.69 -5.21
11.86 27.28 -5.34
11.97 27.69 -5.28
12.03 28.18 -5.24
12.12 28.31 -5.21
12.20 28.49 -5.18
12.09 28.91 -5.22
12.15 28.84 -5.19
12.23 29.43 -5.17
12.20 29.75 -5.15
11.96 30.20 -5.23
11.67 30.72 -5.34
11.78 30.97 -5.32
11.84 31.40 -5.29
11.94 31.14 -5.27
12.01 31.79 -5.25
11.96 31.08 -5.59
12.04 30.20 -5.21
12.16 28.42 -5.11
12.14 29.64 -5.08
12.07 29.89 -5.23
11.89 29.87 -5.37
11.97 30.91 -5.30
12.04 30.57 -5.26
12.10 31.45 -5.22
12.16 31.60 -5.19
12.01 31.37 -5.24
12.08 31.52 -5.20
12.17 31.36 -5.18
12.15 31.39 -5.17
11.95 31.38 -5.28
11.69 31.07 -5.40
11.79 30.93 -5.37
11.87 30.97 -5.34
11.97 30.90 -5.32
12.07 30.80 -5.30
12.04 27.08 -5.75
12.10 31.50 -5.29
12.20 29.93 -5.15
12.20 29.10 -5.11
12.12 28.44 -5.43
11.95 28.67 -5.55
12.03 28.08 -5.46
12.08 28.22 -5.40
12.16 27.91 -5.34
12.24 28.47 -5.30
12.09 28.28 -5.34
12.15 29.06 -5.29
12.23 29.44 -5.27
12.18 29.70 -5.24
12.15 29.65 -5.22
12.26 29.83 -5.20
12.33 30.08 -5.19
12.36 30.05 -5.17
12.39 30.22 -5.16
12.43 30.17 -5.15
12.33 32.68 -5.57
12.37 30.70 -5.20
12.42 30.17 -5.08
12.39 29.55 -5.06
12.34 30.01 -5.04
12.13 30.93 -5.23
12.20 31.77 -5.18
12.25 30.98 -5.16
12.32 31.09 -5.13
12.36 31.63 -5.11
12.32 31.62 -5.15
12.36 31.22 -5.12
12.44 31.15 -5.10
12.37 31.43 -5.09
12.29 31.77 -5.08
12.40 31.54 -5.07
12.47 31.42 -5.06
12.46 31.62 -5.05
12.49 31.74 -5.04
12.52 31.93 -5.04
12.36 37.03 -5.43
12.38 31.22 -5.13
12.45 31.80 -5.04
12.39 31.31 -5.02
12.33 32.08 -5.00
12.09 31.91 -5.19
12.19 31.27 -5.15
12.22 31.71 -5.12
12.26 32.26 -5.10
12.33 32.12 -5.08
12.15 31.87 -5.12
12.20 31.86 -5.10
12.27 31.99 -5.08
12.27 31.73 -5.07
12.23 31.91 -5.06
12.33 31.83 -5.05
12.40 31.68 -5.04
12.43 31.36 -5.04
12.45 31.62 -5.03
12.47 32.05 -5.03
12.36 32.16 -5.61
12.40 28.47 -5.22
12.48 27.10 -5.11
12.44 27.60 -5.08
12.38 27.26 -5.05
12.17 27.39 -5.23
12.22 28.17 -5.18
12.25 29.04 -5.16
12.30 29.55 -5.13
12.34 29.02 -5.11
12.16 29.74 -5.13
12.21 29.79 -5.10
12.30 30.28 -5.09
12.24 30.37 -5.08
12.20 30.69 -5.07
12.30 30.90 -5.05
12.34 31.32 -5.04
12.36 31.71 -5.04
12.39 31.80 -5.03
12.42 31.85 -5.03
12.23 29.67 -5.62
12.27 35.34 -5.22
12.35 35.29 -5.10
12.31 33.02 -5.06
12.24 34.10 -5.03
12.06 33.70 -5.24
12.16 32.83 -5.20
12.19 32.82 -5.17
12.24 32.89 -5.14
12.29 32.78 -5.12
12.17 31.99 -5.18
12.22 31.46 -5.15
12.31 31.49 -5.12
12.30 31.41 -5.12
12.23 32.09 -5.10
12.33 32.13 -5.08
12.38 32.24 -5.07
12.39 32.32 -5.07
12.41 32.46 -5.06
12.46 32.20 -5.05
12.39 27.96 -5.66
12.42 28.51 -5.24
12.47 29.59 -5.11
12.40 31.38 -5.07
12.33 30.24 -5.05
12.09 29.99 -5.22
12.20 29.83 -5.18
12.23 30.29 -5.15
12.28 30.48 -5.12
12.01 30.65 -5.23
11.90 30.61 -5.25
11.99 30.26 -5.22
12.10 30.35 -5.19
12.07 30.71 -5.17
12.05 30.64 -5.16
12.16 30.42 -5.14
12.26 30.29 -5.13
12.27 30.79 -5.12
12.33 30.74 -5.11
12.06 30.50 -5.16
11.94 32.47 -5.46
12.01 32.44 -5.14
12.14 31.52 -5.06
12.12 31.38 -5.04
12.08 30.59 -5.02
11.87 31.30 -5.19
11.98 30.97 -5.15
12.02 31.83 -5.12
12.07 32.65 -5.09
12.17 32.49 -5.07
12.05 33.08 -5.10
12.12 33.18 -5.08
12.20 33.01 -5.06
12.17 33.19 -5.05
12.11 32.60 -5.04
12.25 32.27 -5.04
12.33 31.95 -5.03
12.36 31.88 -5.03
12.38 31.99 -5.02
12.41 32.30 -5.01
12.23 29.05 -5.67
12.28 30.29 -5.25
12.35 32.23 -5.11
12.32 32.11 -5.08
12.26 32.68 -5.05
12.05 31.82 -5.22
12.15 31.67 -5.18
12.19 31.10 -5.15
12.25 30.80 -5.12
12.32 30.70 -5.10
12.24 31.77 -5.11
12.27 32.14 -5.09
12.35 31.96 -5.07
12.26 32.00 -5.06
12.20 32.29 -5.05
12.31 31.89 -5.04
12.38 31.77 -5.03
12.40 32.09 -5.03
12.45 32.02 -5.02
12.49 32.01 -5.02
12.29 34.42 -5.41
12.33 32.62 -5.12
12.41 32.64 -5.04
12.38 32.25 -5.03
12.33 32.03 -5.01
12.15 32.60 -5.24
12.24 31.66 -5.20
12.27 31.50 -5.17
12.30 32.43 -5.13
12.34 32.59 -5.12
12.27 32.64 -5.15
12.31 32.40 -5.13
12.42 31.91 -5.11
12.41 31.45 -5.10
12.34 31.40 -5.09
12.42 31.73 -5.08
12.49 32.15 -5.07
12.48 32.08 -5.06
12.54 31.78 -5.06
12.57 31.95 -5.05
12.41 29.46 -5.58
12.44 32.16 -5.20
12.47 34.92 -5.07
12.45 33.46 -5.05
12.37 33.38 -5.03
12.13 32.73 -5.22
12.21 33.18 -5.18
12.26 32.19 -5.16
12.29 32.89 -5.13
12.34 32.23 -5.11
12.19 32.55 -5.14
12.24 32.34 -5.11
12.34 31.88 -5.09
12.29 31.52 -5.08
12.24 31.65 -5.07
12.35 31.47 -5.06
12.41 31.62 -5.05
12.42 31.56 -5.05
12.47 31.34 -5.04
12.52 31.25 -5.04
12.35 28.75 -5.73
12.39 28.12 -5.29
12.47 28.40 -5.15
12.41 30.20 -5.11
12.35 31.35 -5.07
12.10 33.21 -5.26
12.15 32.40 -5.21
12.18 32.59 -5.17
12.24 32.78 -5.14
12.30 32.76 -5.12
12.17 33.01 -5.15
12.21 33.37 -5.13
12.30 33.55 -5.11
12.27 33.40 -5.10
12.21 33.96 -5.08
12.32 33.68 -5.07
12.37 33.62 -5.06
12.38 33.32 -5.05
12.41 33.43 -5.04
12.44 33.33 -5.04
12.33 31.01 -5.58
12.36 34.90 -5.20
12.44 33.95 -5.09
12.43 32.02 -5.07
12.38 31.53 -5.04
12.16 31.12 -5.25
12.25 30.53 -5.20
12.29 30.08 -5.18
12.37 29.46 -5.15
12.40 29.98 -5.13
12.28 29.58 -5.18
12.32 29.83 -5.15
12.38 30.22 -5.12
12.38 29.96 -5.11
12.30 30.19 -5.10
12.39 30.29 -5.08
12.44 30.41 -5.07
12.48 30.19 -5.07
12.50 30.56 -5.06
12.52 30.92 -5.05
12.41 34.63 -5.61
12.43 30.09 -5.21
12.49 30.31 -5.09
12.46 29.42 -5.07
12.37 30.01 -5.03
12.18 30.82 -5.22
12.28 30.45 -5.18
12.32 30.38 -5.16
12.35 30.43 -5.13
12.42 30.60 -5.11
12.33 30.42 -5.17
12.37 30.43 -5.14
12.46 30.18 -5.12
12.40 30.29 -5.11
12.33 30.73 -5.09
12.42 31.08 -5.08
12.48 30.83 -5.07
12.49 31.05 -5.07
12.53 30.68 -5.06
12.56 30.48 -5.05
12.40 35.38 -5.43
12.42 31.26 -5.13
12.47 31.24 -5.04
12.39 33.13 -5.01
12.33 31.79 -5.00
12.11 32.43 -5.20
12.21 31.64 -5.17
12.26 31.10 -5.15
12.32 30.99 -5.12
12.06 31.59 -5.24
11.99 32.15 -5.26
12.06 32.98 -5.22
12.15 33.05 -5.19
12.13 33.32 -5.18
12.07 32.78 -5.16
12.20 32.22 -5.15
12.26 32.03 -5.13
12.30 31.83 -5.12
12.32 32.20 -5.11
12.05 32.08 -5.17
11.94 29.06 -5.67
12.02 31.25 -5.25
12.12 31.12 -5.12
12.14 29.57 -5.09
12.09 29.72 -5.06
11.88 30.89 -5.23
12.01 29.96 -5.19
12.06 30.94 -5.15
12.11 31.44 -5.12
12.19 31.13 -5.11
12.11 31.49 -5.13
12.17 30.92 -5.11
12.28 30.72 -5.09
12.22 31.29 -5.08
12.17 31.09 -5.07
12.27 31.29 -5.06
12.35 31.18 -5.05
12.38 31.15 -5.04
12.42 31.02 -5.04
12.45 31.05 -5.03
12.34 25.96 -5.92
12.37 29.06 -5.37
12.42 31.02 -5.19
12.37 31.36 -5.14
12.32 30.76 -5.10
12.11 31.25 -5.27
12.19 31.54 -5.21
12.24 31.22 -5.19
12.28 31.60 -5.15
12.32 31.80 -5.13
12.22 31.30 -5.19
12.26 30.96 -5.16
12.36 30.88 -5.14
12.31 31.20 -5.13
12.25 31.18 -5.11
12.35 31.16 -5.10
12.40 30.85 -5.09
12.41 31.46 -5.08
12.46 31.28 -5.07
12.51 31.07 -5.06
12.35 26.81 -5.61
12.38 29.07 -5.22
12.46 29.48 -5.11
12.44 28.97 -5.08
12.37 29.69 -5.05
12.18 30.02 -5.23
12.26 30.35 -5.19
12.28 31.32 -5.15
12.34 31.34 -5.13
12.39 31.37 -5.11
12.23 30.89 -5.16
12.28 30.51 -5.13
12.35 30.41 -5.11
12.33 30.41 -5.10
12.29 30.32 -5.09
12.39 30.21 -5.08
12.45 29.83 -5.07
12.46 30.16 -5.06
12.49 30.38 -5.05
12.52 30.60 -5.05
12.38 34.31 -5.41
12.41 33.28 -5.12
12.51 30.46 -5.05
12.44 30.80 -5.03
12.39 30.67 -5.02
12.18 32.03 -5.23
12.25 32.53 -5.18
12.28 32.25 -5.15
12.33 32.52 -5.12
12.36 33.13 -5.10
12.14 33.29 -5.13
12.21 32.80 -5.10
12.28 32.98 -5.08
12.26 32.56 -5.08
12.22 32.45 -5.07
12.33 32.65 -5.06
12.38 32.70 -5.05
12.40 32.57 -5.04
12.46 32.24 -5.03
12.49 32.34 -5.03
12.43 33.21 -5.65
12.45 34.82 -5.24
12.52 33.79 -5.11
12.45 33.13 -5.07
12.38 32.26 -5.04
12.13 32.36 -5.22
12.23 32.08 -5.18
12.26 31.42 -5.16
12.35 30.92 -5.13
12.38 31.49 -5.11
12.29 31.22 -5.17
12.33 31.26 -5.14
12.40 31.27 -5.12
12.35 31.71 -5.11
12.29 31.69 -5.10
12.38 31.92 -5.08
12.45 31.49 -5.08
12.48 31.09 -5.07
12.49 31.35 -5.06
12.52 31.29 -5.06
12.31 26.25 -5.73
12.35 29.97 -5.28
12.42 30.10 -5.14
12.39 30.30 -5.10
12.34 29.34 -5.07
12.11 30.41 -5.28
12.22 30.23 -5.23
12.27 29.98 -5.20
12.32 29.99 -5.17
12.37 30.36 -5.15
12.21 30.67 -5.18
12.26 30.66 -5.15
12.35 30.96 -5.13
12.34 30.85 -5.12
12.27 31.24 -5.11
12.37 31.37 -5.09
12.41 31.71 -5.08
12.42 31.91 -5.07
12.46 31.91 -5.06
12.50 31.93 -5.06
12.43 30.87 -5.62
12.46 31.95 -5.22
12.52 33.99 -5.10
12.48 33.21 -5.07
12.41 31.54 -5.05
12.22 32.59 -5.27
12.29 32.70 -5.22
12.31 32.38 -5.18
12.37 32.33 -5.15
12.43 31.87 -5.13
12.28 31.82 -5.19
12.32 31.82 -5.16
12.40 32.05 -5.13
12.36 32.09 -5.12
12.30 32.26 -5.11
12.41 32.00 -5.10
12.45 32.12 -5.09
12.45 32.37 -5.08
12.47 32.50 -5.07
12.50 32.70 -5.06
12.33 33.46 -5.43
12.36 36.36 -5.12
12.43 36.03 -5.04
12.36 35.42 -5.01
12.30 34.35 -5.00
12.06 33.61 -5.19
12.15 33.00 -5.15
12.19 32.63 -5.13
12.25 32.36 -5.10
11.96 31.66 -5.21
11.89 31.95 -5.24
11.96 32.44 -5.21
12.10 32.10 -5.18
12.11 31.68 -5.17
12.08 31.74 -5.15
12.20 31.49 -5.14
12.26 31.47 -5.12
12.29 31.39 -5.11
12.32 31.73 -5.10
12.05 31.64 -5.16
11.97 35.69 -5.43
12.05 33.15 -5.13
12.16 34.16 -5.04
12.13 33.87 -5.02
12.07 32.34 -4.99
11.87 31.60 -5.15
11.97 31.75 -5.12
12.04 31.63 -5.10
12.14 30.88 -5.08
12.22 30.78 -5.07
12.12 31.01 -5.11
12.18 30.86 -5.08
12.28 31.06 -5.07
12.26 31.10 -5.06
12.20 30.77 -5.05
12.30 31.09 -5.04
12.35 31.31 -5.03
12.39 30.97 -5.03
12.45 30.94 -5.02
12.47 31.33 -5.02
12.30 35.70 -5.41
12.34 31.67 -5.12
12.44 31.66 -5.04
12.40 30.94 -5.03
12.35 30.04 -5.01
12.12 30.94 -5.23
12.22 30.90 -5.19
12.24 31.36 -5.15
12.26 32.48 -5.12
12.34 31.90 -5.11
12.26 31.25 -5.18
12.30 31.37 -5.15
12.36 31.98 -5.13
12.33 31.41 -5.12
12.26 31.41 -5.10
12.36 31.30 -5.09
12.43 31.41 -5.08
12.44 31.46 -5.07
12.48 31.28 -5.06
12.52 31.20 -5.06
12.39 37.32 -5.49
12.41 36.08 -5.16
12.51 32.96 -5.07
12.49 31.20 -5.05
12.41 33.19 -5.03
12.21 33.09 -5.21
12.32 32.32 -5.18
12.33 33.00 -5.15
12.41 32.19 -5.12
12.45 32.13 -5.11
12.37 32.52 -5.14
12.41 32.09 -5.11
12.47 32.24 -5.09
12.43 32.07 -5.08
12.37 31.89 -5.07
12.46 31.44 -5.06
