12.49 36.11 -4.83
12.52 34.90 -4.84
12.42 35.55 -4.86
12.36 34.17 -4.88
12.12 34.10 -5.11
12.21 33.04 -5.09
12.25 32.28 -5.08
12.29 32.32 -5.06
12.35 32.23 -5.05
12.23 32.95 -5.07
12.26 33.24 -5.05
12.34 33.03 -5.04
12.34 32.37 -5.04
12.28 32.64 -5.03
12.38 32.53 -5.02
12.42 32.64 -5.01
12.42 32.87 -5.01
12.45 32.70 -5.00
12.50 32.47 -5.00
12.35 33.00 -5.52
12.37 33.18 -5.17
12.44 34.09 -5.06
12.38 33.97 -5.04
12.31 34.61 -5.01
12.12 34.10 -5.20
12.22 33.69 -5.16
12.25 33.01 -5.15
12.29 33.11 -5.12
12.35 32.54 -5.10
12.26 32.01 -5.14
12.30 32.11 -5.12
12.38 31.56 -5.10
12.35 31.56 -5.09
12.30 31.35 -5.08
12.41 31.30 -5.07
12.46 31.42 -5.06
12.46 31.41 -5.05
12.49 31.30 -5.04
12.52 31.37 -5.04
12.32 31.49 -5.60
12.36 32.59 -5.21
12.44 33.20 -5.10
12.39 31.89 -5.06
12.35 31.53 -5.04
12.11 31.77 -5.22
12.20 30.88 -5.18
12.25 30.97 -5.15
12.32 30.77 -5.13
12.02 30.54 -5.24
11.93 30.64 -5.26
12.02 30.64 -5.22
12.15 30.47 -5.20
12.12 30.87 -5.18
12.07 30.75 -5.16
12.18 31.20 -5.14
12.24 31.12 -5.13
12.28 30.98 -5.12
12.31 31.24 -5.11
12.05 31.10 -5.16
11.95 29.78 -5.72
12.03 29.08 -5.27
12.14 30.64 -5.14
12.14 29.11 -5.09
12.11 30.00 -5.07
11.91 29.46 -5.20
11.98 28.82 -5.16
12.04 29.51 -5.13
12.09 30.32 -5.10
12.17 30.61 -5.08
11.99 31.58 -5.10
12.06 31.53 -5.08
12.14 31.26 -5.06
12.11 31.62 -5.05
12.06 32.08 -5.04
12.19 32.19 -5.03
12.23 32.54 -5.02
12.27 32.57 -5.02
12.33 32.52 -5.01
12.36 33.00 -5.01
12.31 28.09 -5.77
12.33 28.32 -5.30
12.39 29.70 -5.14
12.37 28.99 -5.11
12.32 29.52 -5.07
12.10 29.72 -5.27
12.17 29.89 -5.22
12.20 30.70 -5.18
12.22 31.83 -5.14
12.27 31.28 -5.13
12.18 30.95 -5.19
12.21 31.68 -5.16
12.29 31.89 -5.13
12.23 32.52 -5.12
12.17 33.17 -5.11
12.28 32.74 -5.09
12.36 32.30 -5.09
12.39 32.11 -5.08
12.43 32.19 -5.07
12.46 32.49 -5.06
12.28 29.29 -5.76
12.30 27.59 -5.29
12.38 27.92 -5.14
12.35 28.87 -5.11
12.30 29.62 -5.07
12.11 29.02 -5.24
12.21 28.66 -5.19
12.24 30.02 -5.16
12.29 30.06 -5.13
12.35 29.64 -5.11
12.21 30.12 -5.14
12.27 30.32 -5.12
12.34 30.69 -5.10
12.28 30.89 -5.09
12.24 30.82 -5.08
12.34 31.11 -5.06
12.43 30.95 -5.06
12.46 30.75 -5.05
12.49 30.62 -5.04
12.53 30.64 -5.04
12.41 40.52 -5.42
12.45 35.68 -5.13
12.53 32.83 -5.05
12.43 35.68 -5.02
12.37 34.61 -5.00
12.16 35.22 -5.20
12.22 35.36 -5.16
12.24 34.94 -5.13
12.31 33.82 -5.11
12.36 33.76 -5.09
12.23 33.32 -5.14
12.28 32.99 -5.11
12.34 32.51 -5.09
12.31 32.43 -5.08
12.25 32.34 -5.07
12.35 32.63 -5.06
12.40 32.45 -5.05
12.42 32.44 -5.04
12.48 32.11 -5.04
12.51 32.05 -5.03
12.39 36.43 -5.44
12.42 34.94 -5.14
12.48 34.86 -5.04
12.43 33.37 -5.02
12.37 33.03 -5.01
12.12 33.05 -5.20
12.23 31.98 -5.16
12.26 32.26 -5.13
12.32 32.05 -5.11
12.38 31.57 -5.09
12.30 31.88 -5.13
12.34 31.53 -5.11
12.40 31.94 -5.09
12.39 31.67 -5.08
12.33 31.99 -5.07
12.42 32.10 -5.06
12.45 31.77 -5.05
12.46 31.63 -5.04
12.52 31.48 -5.04
12.56 31.19 -5.03
12.42 32.54 -5.52
12.44 30.31 -5.17
12.50 31.14 -5.06
12.47 30.70 -5.04
12.40 31.77 -5.02
12.18 30.63 -5.20
12.24 31.10 -5.15
12.26 31.80 -5.12
12.33 31.39 -5.10
12.37 31.90 -5.09
12.30 32.07 -5.13
12.34 31.53 -5.10
12.42 31.78 -5.09
12.39 31.47 -5.08
12.31 31.66 -5.07
12.41 31.63 -5.06
12.47 31.85 -5.05
12.46 32.19 -5.04
12.49 32.05 -5.03
12.51 32.33 -5.02
12.34 29.68 -5.60
12.37 30.80 -5.21
12.43 32.46 -5.10
12.39 31.51 -5.06
12.34 32.23 -5.04
12.16 32.18 -5.26
12.24 33.15 -5.21
12.26 33.75 -5.17
12.30 33.94 -5.14
12.35 33.08 -5.12
12.22 33.87 -5.15
12.28 33.65 -5.12
12.35 33.31 -5.10
12.30 32.98 -5.09
12.24 32.52 -5.08
12.36 32.13 -5.07
12.44 31.99 -5.06
12.47 32.04 -5.05
12.51 31.87 -5.04
12.54 31.61 -5.04
12.38 34.86 -5.52
12.42 31.60 -5.17
12.48 30.91 -5.07
12.41 32.86 -5.05
12.35 32.25 -5.03
12.13 32.58 -5.22
12.23 31.89 -5.18
12.26 31.89 -5.15
12.30 31.98 -5.12
12.04 31.96 -5.25
11.97 32.15 -5.28
12.05 31.84 -5.24
12.17 31.52 -5.22
12.11 31.68 -5.19
12.08 31.81 -5.18
12.19 31.67 -5.15
12.28 31.32 -5.14
12.31 31.39 -5.13
12.35 31.30 -5.12
12.08 31.27 -5.18
11.95 30.14 -5.74
12.02 29.48 -5.28
12.15 30.60 -5.15
12.13 29.61 -5.10
12.06 29.47 -5.05
11.84 30.99 -5.24
11.74 30.40 -5.37
11.82 30.46 -5.32
11.90 31.04 -5.27
12.00 30.94 -5.24
11.92 30.52 -5.29
12.00 30.95 -5.25
12.11 30.63 -5.22
12.06 31.13 -5.20
12.04 30.81 -5.18
12.16 30.45 -5.16
12.19 30.71 -5.15
12.25 30.42 -5.15
11.99 30.51 -5.25
12.05 30.23 -5.23
11.91 34.80 -5.37
11.98 34.02 -5.10
12.12 32.35 -5.03
12.09 32.57 -5.01
12.04 33.68 -4.99
11.85 34.10 -5.19
11.94 34.27 -5.15
12.03 33.10 -5.14
12.12 32.50 -5.11
12.19 32.02 -5.09
12.00 32.59 -5.11
12.07 32.72 -5.09
12.19 32.71 -5.08
12.18 32.48 -5.07
12.15 32.13 -5.06
12.25 32.23 -5.05
12.33 31.86 -5.04
12.36 31.98 -5.04
12.41 31.83 -5.03
12.45 31.93 -5.03
12.32 28.96 -5.59
12.36 29.91 -5.21
12.41 29.00 -5.08
12.36 29.64 -5.05
12.27 30.62 -5.38
12.09 31.40 -5.51
12.16 30.98 -5.43
12.23 30.37 -5.38
12.29 29.94 -5.32
12.35 29.99 -5.29
12.17 30.41 -5.31
12.22 30.09 -5.27
12.31 30.43 -5.24
12.29 30.27 -5.23
12.00 30.53 -5.35
11.88 30.79 -5.45
11.95 31.07 -5.41
12.02 31.14 -5.39
12.09 31.28 -5.36
12.16 31.18 -5.34
12.05 32.28 -5.59
12.12 29.45 -5.21
12.22 31.15 -5.09
12.20 31.39 -5.06
12.12 30.38 -5.39
11.90 30.80 -5.53
12.01 30.72 -5.44
12.06 30.89 -5.38
12.13 31.22 -5.33
12.19 31.63 -5.29
12.05 31.85 -5.32
12.11 32.07 -5.28
12.21 31.98 -5.26
12.17 31.97 -5.23
11.99 31.80 -5.30
11.79 31.74 -5.38
11.93 31.39 -5.36
12.00 31.43 -5.33
12.06 31.71 -5.31
12.13 31.39 -5.29
12.10 29.81 -5.51
12.15 28.62 -5.17
12.21 30.76 -5.05
12.22 30.26 -5.04
12.13 29.90 -5.20
11.91 30.42 -5.35
11.99 31.02 -5.29
12.04 30.81 -5.24
12.13 30.79 -5.21
12.19 31.33 -5.18
12.08 31.67 -5.20
12.14 31.62 -5.17
12.24 31.72 -5.16
12.06 31.36 -5.23
11.82 31.41 -5.30
11.97 31.26 -5.27
12.06 31.37 -5.25
12.10 31.51 -5.23
12.18 31.29 -5.22
12.25 31.17 -5.20
12.06 30.81 -5.49
12.12 29.83 -5.16
12.20 28.89 -5.06
12.16 28.61 -5.03
12.12 29.12 -5.16
11.92 31.20 -5.35
12.02 30.62 -5.29
12.07 30.38 -5.25
12.17 29.73 -5.21
12.24 30.13 -5.18
12.15 29.82 -5.24
12.21 29.85 -5.20
12.32 29.87 -5.19
12.00 29.76 -5.26
11.80 30.20 -5.33
11.95 30.14 -5.30
12.05 30.22 -5.28
12.11 30.22 -5.26
12.18 30.39 -5.24
12.24 30.20 -5.23
12.11 29.19 -5.50
12.18 28.43 -5.17
12.28 29.51 -5.07
12.23 29.66 -5.04
12.19 29.99 -5.17
12.02 31.23 -5.33
12.12 31.09 -5.28
12.17 30.68 -5.24
12.21 31.11 -5.20
12.27 31.26 -5.17
12.13 31.44 -5.20
12.19 31.33 -5.17
12.26 31.57 -5.15
12.25 31.50 -5.14
12.14 31.25 -5.22
12.27 31.15 -5.20
12.34 31.18 -5.18
12.37 31.15 -5.17
12.39 31.48 -5.15
12.42 31.76 -5.14
12.28 32.73 -5.44
12.32 34.00 -5.13
12.37 34.73 -5.03
12.32 34.75 -5.02
12.23 35.40 -5.18
12.00 34.70 -5.32
12.09 34.62 -5.27
12.15 33.76 -5.22
12.21 33.75 -5.19
11.92 33.25 -5.30
11.84 32.94 -5.33
11.93 32.31 -5.28
12.07 31.89 -5.26
11.89 31.89 -5.34
11.89 31.79 -5.32
11.61 31.64 -5.40
11.70 31.77 -5.37
11.78 31.82 -5.34
11.89 31.83 -5.32
11.67 31.66 -5.36
11.63 29.21 -5.78
11.73 27.35 -5.30
11.86 28.94 -5.15
11.85 31.12 -5.11
11.82 30.27 -5.25
11.63 29.77 -5.39
11.79 30.25 -5.32
11.88 29.40 -5.28
11.99 29.30 -5.24
12.07 30.07 -5.21
11.97 30.26 -5.25
12.05 29.96 -5.22
12.12 30.79 -5.19
11.90 31.50 -5.28
11.89 31.20 -5.26
11.71 31.12 -5.34
11.86 31.04 -5.31
11.93 31.07 -5.29
12.00 31.30 -5.27
12.10 31.23 -5.26
12.03 31.64 -5.63
12.10 28.24 -5.23
12.19 30.97 -5.11
12.14 30.99 -5.06
12.11 30.46 -5.19
11.92 31.03 -5.36
12.01 30.79 -5.29
12.07 30.41 -5.25
12.14 30.51 -5.21
12.20 30.98 -5.18
12.05 31.73 -5.20
12.12 31.17 -5.17
12.22 31.19 -5.15
12.20 31.24 -5.14
12.15 31.76 -5.13
12.25 31.78 -5.11
12.33 31.59 -5.10
12.35 31.62 -5.09
12.40 31.42 -5.08
12.45 31.38 -5.08
12.39 25.31 -5.81
12.41 29.34 -5.32
12.47 30.46 -5.17
12.38 33.89 -5.11
12.33 33.27 -5.08
12.15 33.04 -5.25
12.20 33.51 -5.20
12.23 32.47 -5.17
12.29 32.45 -5.14
12.36 32.18 -5.12
12.21 32.27 -5.15
12.27 31.92 -5.13
12.36 32.07 -5.11
12.32 32.12 -5.10
12.25 32.47 -5.08
12.36 32.45 -5.07
12.42 32.60 -5.06
12.43 32.64 -5.06
12.46 32.48 -5.05
12.48 32.65 -5.04
12.37 31.54 -5.72
12.40 32.40 -5.27
12.47 31.85 -5.14
12.43 31.18 -5.10
12.36 32.03 -5.06
12.13 32.49 -5.26
12.23 31.85 -5.22
12.26 32.17 -5.17
12.31 31.92 -5.14
12.36 31.56 -5.12
12.32 31.55 -5.16
12.36 31.62 -5.14
12.43 31.69 -5.11
12.37 31.77 -5.10
12.33 31.52 -5.09
12.42 31.71 -5.08
12.47 31.61 -5.07
12.50 31.25 -5.07
12.53 31.35 -5.06
12.54 31.89 -5.05
12.38 29.05 -5.71
12.41 28.26 -5.27
12.46 30.45 -5.13
12.38 32.01 -5.08
12.33 31.58 -5.05
12.10 31.56 -5.20
12.20 31.34 -5.16
12.25 30.66 -5.14
12.29 31.22 -5.11
12.36 30.92 -5.10
12.17 31.32 -5.13
12.22 30.98 -5.10
12.29 31.36 -5.08
12.23 31.58 -5.07
12.18 32.10 -5.06
12.29 31.83 -5.05
12.37 31.78 -5.04
12.39 31.93 -5.04
12.41 32.09 -5.03
12.43 31.93 -5.03
12.32 33.74 -5.53
12.34 35.74 -5.18
12.44 33.40 -5.08
12.40 32.76 -5.06
12.34 32.50 -5.04
12.12 32.13 -5.23
12.21 32.90 -5.18
12.24 33.15 -5.15
12.30 32.89 -5.12
12.36 32.79 -5.11
12.20 32.09 -5.16
12.25 31.79 -5.13
12.37 31.41 -5.12
12.31 31.58 -5.10
12.26 31.54 -5.09
12.36 31.82 -5.08
12.43 31.59 -5.07
12.44 31.57 -5.06
12.47 31.71 -5.05
12.51 31.46 -5.05
12.32 35.20 -5.41
12.36 31.59 -5.12
12.44 30.16 -5.04
12.36 32.33 -5.02
12.30 31.44 -5.00
12.12 32.49 -5.19
12.18 33.20 -5.15
12.23 33.15 -5.12
12.28 33.27 -5.10
12.35 32.99 -5.08
12.25 32.30 -5.16
12.29 31.93 -5.14
12.38 31.53 -5.12
12.31 31.80 -5.10
12.25 31.93 -5.09
12.36 31.76 -5.08
12.41 32.11 -5.07
12.44 31.88 -5.06
12.48 31.91 -5.05
12.52 31.67 -5.05
12.43 34.77 -5.49
12.45 35.06 -5.16
12.51 34.65 -5.06
12.48 32.82 -5.04
12.38 32.10 -5.01
12.16 32.16 -5.19
12.26 32.08 -5.15
12.28 33.08 -5.12
12.32 33.23 -5.10
12.06 32.75 -5.23
11.94 32.64 -5.26
12.02 32.62 -5.23
12.13 32.87 -5.20
12.10 33.01 -5.18
12.05 32.95 -5.16
12.16 32.86 -5.14
12.22 32.57 -5.13
12.27 32.19 -5.12
12.32 32.06 -5.11
12.06 31.84 -5.16
11.94 31.86 -5.55
12.01 29.00 -5.19
12.11 31.23 -5.08
12.13 30.32 -5.06
12.09 31.28 -5.04
11.87 31.87 -5.23
11.98 32.66 -5.19
12.04 32.70 -5.16
12.10 32.09 -5.13
12.17 32.12 -5.11
12.05 31.74 -5.16
12.12 31.71 -5.13
12.20 32.08 -5.11
12.19 32.00 -5.10
12.15 32.04 -5.09
12.27 31.80 -5.08
12.34 31.84 -5.07
12.39 31.50 -5.07
12.43 31.51 -5.06
12.49 31.39 -5.05
12.30 29.44 -5.69
12.34 29.98 -5.26
12.41 30.91 -5.13
12.32 32.38 -5.07
12.25 33.04 -5.04
12.04 31.49 -5.23
12.15 31.34 -5.19
12.18 31.55 -5.16
12.25 30.96 -5.13
12.29 32.02 -5.11
12.25 32.22 -5.13
12.30 31.87 -5.11
12.41 31.32 -5.09
12.34 31.48 -5.08
12.29 31.40 -5.07
12.37 31.44 -5.06
12.43 31.34 -5.05
12.46 31.13 -5.05
12.49 31.07 -5.04
12.54 30.87 -5.04
12.36 37.85 -5.35
12.40 33.07 -5.09
12.49 30.80 -5.03
12.45 30.76 -5.02
12.40 30.38 -5.01
12.20 30.38 -5.19
12.26 31.07 -5.15
12.28 31.67 -5.12
12.33 31.36 -5.09
12.38 31.79 -5.07
12.32 31.98 -5.11
12.36 31.69 -5.09
12.40 31.69 -5.07
12.31 32.24 -5.06
12.28 32.23 -5.05
12.36 32.83 -5.04
12.43 33.10 -5.03
12.45 32.77 -5.03
12.50 32.52 -5.02
12.53 32.29 -5.02
12.37 28.40 -5.53
12.40 31.46 -5.18
12.46 31.80 -5.07
12.45 30.54 -5.06
12.39 30.26 -5.03
12.16 30.45 -5.22
12.26 29.86 -5.18
12.28 30.44 -5.15
12.32 30.90 -5.12
12.36 30.93 -5.10
12.20 30.58 -5.16
12.24 31.29 -5.14
12.32 31.89 -5.11
12.31 31.40 -5.11
12.23 31.59 -5.09
12.33 31.60 -5.08
12.36 31.73 -5.07
12.39 31.86 -5.06
12.43 31.80 -5.05
12.45 32.25 -5.04
12.29 28.10 -5.68
12.32 33.48 -5.25
12.41 32.02 -5.12
12.35 32.69 -5.08
12.30 32.44 -5.05
12.08 31.46 -5.20
12.14 30.54 -5.16
12.18 31.13 -5.13
12.23 31.55 -5.10
12.28 31.88 -5.08
12.16 31.95 -5.13
12.21 31.47 -5.11
12.31 31.59 -5.09
12.24 32.21 -5.08
12.19 32.10 -5.07
12.29 32.31 -5.06
12.37 32.22 -5.05
12.37 32.49 -5.04
12.39 32.81 -5.03
12.43 32.73 -5.03
12.32 38.18 -5.27
12.35 37.58 -5.05
12.41 34.28 -4.98
12.38 32.92 -4.98
12.33 31.95 -4.97
12.11 31.25 -5.18
12.18 30.80 -5.15
12.21 30.41 -5.13
12.26 30.75 -5.10
12.34 30.76 -5.09
12.20 31.55 -5.11
12.25 31.95 -5.09
12.34 31.64 -5.07
12.28 31.74 -5.06
12.22 31.30 -5.05
12.34 31.03 -5.04
12.37 31.12 -5.03
12.38 31.37 -5.03
12.39 31.83 -5.02
12.43 32.09 -5.01
12.30 35.74 -5.43
12.34 34.63 -5.13
12.42 33.18 -5.04
12.40 31.91 -5.03
12.35 30.60 -5.01
12.16 30.89 -5.19
12.20 30.66 -5.15
12.23 31.12 -5.12
12.30 30.86 -5.10
12.37 30.86 -5.08
12.26 31.46 -5.11
12.30 31.97 -5.09
12.39 31.60 -5.07
12.32 32.07 -5.06
12.27 32.40 -5.06
12.36 32.57 -5.04
12.41 33.17 -5.03
12.42 33.22 -5.03
12.50 32.88 -5.03
12.55 32.61 -5.02
12.39 38.01 -5.30
12.42 36.67 -5.06
12.50 34.37 -5.01
12.41 35.29 -4.99
12.36 34.60 -4.98
12.13 34.60 -5.19
12.19 34.30 -5.15
12.22 34.89 -5.12
12.26 35.17 -5.09
11.96 34.51 -5.20
11.90 34.52 -5.23
11.98 34.49 -5.19
12.07 34.08 -5.17
12.09 33.58 -5.15
12.07 33.28 -5.14
12.18 32.96 -5.12
12.27 32.79 -5.11
12.31 32.62 -5.10
12.35 32.65 -5.09
12.09 32.59 -5.14
11.98 25.36 -5.69
12.04 31.33 -5.25
12.11 33.26 -5.11
12.13 31.38 -5.08
12.10 31.32 -5.05
11.89 31.76 -5.21
11.99 30.85 -5.17
12.06 31.12 -5.14
12.11 31.96 -5.11
12.21 31.50 -5.09
12.12 31.66 -5.13
12.18 31.09 -5.10
12.24 31.66 -5.08
12.19 31.60 -5.07
12.15 31.55 -5.06
12.25 31.87 -5.05
12.32 32.12 -5.04
12.35 31.92 -5.04
12.39 31.66 -5.03
12.44 31.67 -5.03
12.34 26.18 -5.80
12.38 28.00 -5.32
12.47 27.83 -5.18
12.41 29.30 -5.12
12.36 28.63 -5.09
12.14 29.91 -5.28
12.23 29.47 -5.23
12.27 29.79 -5.19
12.33 29.52 -5.16
12.41 29.39 -5.14
12.31 29.22 -5.19
12.35 29.26 -5.16
12.41 29.79 -5.13
12.37 29.63 -5.12
12.32 29.35 -5.11
12.43 29.63 -5.10
12.45 29.85 -5.08
12.45 30.50 -5.07
12.51 30.36 -5.07
12.54 30.19 -5.06
12.40 33.58 -5.54
12.43 30.27 -5.19
12.47 32.65 -5.06
12.41 33.48 -5.04
12.36 32.29 -5.02
12.17 32.55 -5.24
12.23 32.35 -5.20
12.27 32.33 -5.17
12.30 32.74 -5.13
12.38 32.04 -5.12
12.21 31.79 -5.16
12.27 31.25 -5.13
12.32 31.55 -5.11
12.26 32.29 -5.10
12.21 32.13 -5.09
12.33 31.92 -5.07
12.40 31.60 -5.07
12.42 31.39 -5.06
12.44 31.65 -5.05
12.47 31.60 -5.05
12.36 32.42 -5.47
12.39 34.39 -5.15
12.45 34.97 -5.05
12.39 35.70 -5.03
12.34 34.15 -5.02
12.08 33.17 -5.21
12.18 33.65 -5.17
12.22 33.74 -5.15
12.27 33.09 -5.12
12.33 32.90 -5.10
12.10 32.40 -5.14
12.15 32.81 -5.12
12.23 33.06 -5.09
12.22 32.81 -5.09
12.17 32.95 -5.08
12.28 32.79 -5.06
12.36 32.77 -5.06
12.38 32.84 -5.05
12.42 32.92 -5.04
12.45 32.82 -5.04
12.41 34.67 -5.64
12.45 32.67 -5.24
12.52 31.32 -5.12
12.45 31.30 -5.07
12.37 32.91 -5.04
12.13 33.14 -5.21
12.19 33.56 -5.16
12.23 33.43 -5.13
12.31 32.65 -5.11
12.36 32.83 -5.09
12.25 33.32 -5.12
12.29 33.50 -5.10
12.35 33.95 -5.08
12.28 34.09 -5.07
12.23 34.00 -5.06
12.34 33.65 -5.05
12.41 33.12 -5.04
12.44 32.96 -5.04
12.46 33.22 -5.03
12.50 33.13 -5.03
12.28 31.40 -5.59
12.33 29.96 -5.21
12.41 30.09 -5.10
12.33 32.05 -5.06
12.29 32.42 -5.04
12.08 33.09 -5.22
12.20 31.98 -5.18
12.25 32.12 -5.15
12.28 32.73 -5.12
12.33 31.95 -5.10
12.17 31.87 -5.14
12.22 31.53 -5.11
12.32 31.13 -5.09
12.29 31.13 -5.08
12.24 31.33 -5.08
12.35 30.93 -5.06
12.44 30.85 -5.06
12.44 31.10 -5.05
12.46 31.29 -5.04
12.49 31.45 -5.04
12.36 36.67 -5.40
12.39 34.35 -5.11
12.48 33.09 -5.04
12.42 33.18 -5.02
12.35 33.30 -5.00
12.16 33.15 -5.21
12.26 32.24 -5.18
12.28 32.41 -5.15
12.31 33.05 -5.12
12.36 32.82 -5.10
12.19 33.05 -5.14
12.24 33.37 -5.11
12.31 33.24 -5.09
12.31 32.72 -5.08
12.26 32.79 -5.07
12.35 32.92 -5.06
12.43 32.51 -5.05
12.45 32.68 -5.05
12.48 32.50 -5.04
12.51 32.31 -5.04
12.34 30.99 -5.47
12.37 31.27 -5.15
12.44 31.73 -5.05
12.43 30.74 -5.04
12.35 29.97 -5.02
12.12 30.18 -5.18
12.21 31.08 -5.15
12.26 30.53 -5.13
12.30 31.22 -5.10
12.04 31.08 -5.22
11.94 30.95 -5.26
12.01 31.29 -5.23
12.10 31.77 -5.20
12.09 31.94 -5.18
12.07 31.69 -5.17
12.17 32.17 -5.14
12.26 32.08 -5.13
12.30 31.88 -5.13
12.35 31.79 -5.11
12.08 31.90 -5.17
12.02 30.95 -5.47
12.09 31.39 -5.15
12.19 33.03 -5.05
12.16 32.09 -5.03
12.11 32.39 -5.01
11.90 32.07 -5.16
11.97 32.11 -5.12
12.02 31.54 -5.10
12.09 31.69 -5.08
12.17 31.18 -5.06
12.10 31.06 -5.11
12.15 31.34 -5.09
12.24 31.40 -5.07
12.21 31.29 -5.06
12.18 30.93 -5.06
12.30 30.75 -5.05
12.38 30.47 -5.04
12.39 30.50 -5.04
12.45 30.38 -5.03
12.48 30.22 -5.03
12.37 26.20 -5.76
12.40 26.96 -5.30
12.45 28.95 -5.15
12.41 30.45 -5.11
12.36 29.65 -5.08
12.15 29.89 -5.24
12.24 29.88 -5.20
12.27 29.63 -5.17
12.32 29.83 -5.14
12.37 29.78 -5.13
12.28 29.85 -5.18
12.31 30.64 -5.15
12.41 30.51 -5.13
12.33 30.86 -5.12
12.26 31.39 -5.10
12.35 31.53 -5.09
12.39 31.57 -5.08
12.42 31.39 -5.07
12.47 31.24 -5.06
12.51 31.20 -5.06
12.38 35.93 -5.58
12.41 31.08 -5.20
12.49 29.89 -5.09
12.41 30.79 -5.06
12.36 30.68 -5.04
12.18 30.31 -5.23
12.21 29.77 -5.18
12.25 30.56 -5.15
12.30 30.62 -5.12
12.34 31.10 -5.10
12.27 31.10 -5.15
12.31 31.43 -5.12
12.40 31.44 -5.10
12.31 31.98 -5.09
12.27 31.43 -5.08
12.36 31.19 -5.07
12.43 31.30 -5.06
