12.43 37.91 -4.82
12.46 34.13 -4.84
12.41 33.44 -4.87
12.34 32.97 -4.88
12.11 32.77 -5.11
12.16 32.56 -5.08
12.17 33.05 -5.06
12.24 32.33 -5.04
12.28 32.73 -5.03
12.16 33.26 -5.05
12.22 32.92 -5.04
12.29 33.19 -5.02
12.27 32.87 -5.02
12.23 32.51 -5.01
12.33 32.48 -5.00
12.40 32.50 -5.00
12.39 32.75 -4.99
12.43 32.71 -4.99
12.47 32.62 -4.99
12.31 33.58 -5.44
12.34 34.38 -5.13
12.41 31.80 -5.05
12.33 32.19 -5.01
12.28 32.02 -5.00
12.09 31.38 -5.20
12.18 31.74 -5.16
12.23 31.10 -5.13
12.28 31.31 -5.11
12.34 30.68 -5.09
12.24 30.92 -5.14
12.29 30.60 -5.11
12.35 31.21 -5.09
12.31 31.08 -5.08
12.24 30.93 -5.07
12.34 30.98 -5.05
12.42 30.74 -5.05
12.43 30.85 -5.04
12.46 30.73 -5.03
12.48 30.93 -5.03
12.29 35.01 -5.49
12.33 32.27 -5.15
12.41 32.31 -5.06
12.35 33.77 -5.04
12.27 32.08 -5.01
12.05 31.06 -5.20
12.13 30.68 -5.16
12.18 30.38 -5.14
12.24 30.18 -5.11
11.95 29.65 -5.22
11.89 29.20 -5.27
11.95 29.80 -5.23
12.06 29.76 -5.20
12.05 29.87 -5.19
12.03 29.89 -5.17
12.15 30.01 -5.15
12.21 29.86 -5.14
12.26 29.69 -5.13
12.31 29.83 -5.12
12.04 29.55 -5.18
11.94 28.99 -5.80
12.03 27.66 -5.32
12.14 29.71 -5.17
12.15 28.97 -5.13
12.10 28.14 -5.09
11.87 28.82 -5.26
11.95 30.70 -5.21
12.03 30.08 -5.18
12.10 30.77 -5.15
12.17 31.00 -5.13
12.00 30.87 -5.17
12.06 30.48 -5.14
12.18 30.49 -5.12
12.14 30.98 -5.11
12.09 31.38 -5.10
12.22 31.09 -5.09
12.28 31.43 -5.08
12.32 31.24 -5.07
12.35 31.42 -5.06
12.40 31.31 -5.06
12.29 32.04 -5.53
12.34 31.98 -5.18
12.43 30.83 -5.08
12.38 31.06 -5.06
12.33 30.23 -5.04
12.12 30.29 -5.22
12.24 29.66 -5.18
12.27 30.35 -5.15
12.32 30.25 -5.12
12.38 30.27 -5.10
12.28 29.93 -5.16
12.32 29.65 -5.13
12.37 30.07 -5.11
12.32 30.41 -5.10
12.26 30.45 -5.09
12.36 30.83 -5.07
12.40 30.87 -5.06
12.42 31.12 -5.06
12.46 31.05 -5.05
12.51 31.03 -5.05
12.33 33.50 -5.66
12.37 34.67 -5.24
12.43 33.55 -5.11
12.36 34.01 -5.07
12.30 32.87 -5.04
12.12 32.24 -5.20
12.19 32.84 -5.16
12.23 32.76 -5.13
12.30 32.51 -5.11
12.33 33.01 -5.09
12.20 33.00 -5.13
12.24 32.86 -5.10
12.35 32.44 -5.09
12.29 32.59 -5.08
12.22 33.08 -5.06
12.32 33.05 -5.05
12.39 33.01 -5.05
12.40 32.89 -5.04
12.42 33.24 -5.03
12.46 33.19 -5.03
12.37 30.25 -5.62
12.40 31.14 -5.23
12.46 33.17 -5.10
12.36 33.04 -5.05
12.30 33.58 -5.03
12.09 33.98 -5.20
12.18 32.72 -5.17
12.21 33.26 -5.14
12.25 33.08 -5.11
12.32 32.40 -5.10
12.19 32.17 -5.14
12.25 31.79 -5.11
12.34 31.45 -5.10
12.34 31.37 -5.09
12.26 31.08 -5.08
12.36 31.17 -5.06
12.42 31.20 -5.06
12.44 30.88 -5.05
12.50 30.56 -5.05
12.53 30.47 -5.04
12.40 35.87 -5.37
12.43 35.18 -5.10
12.47 37.23 -5.01
12.42 36.32 -5.00
12.36 35.43 -4.99
12.13 34.20 -5.14
12.22 32.98 -5.11
12.26 33.23 -5.09
12.31 33.09 -5.07
12.37 32.51 -5.06
12.28 32.03 -5.12
12.31 32.77 -5.09
12.35 32.65 -5.07
12.28 33.02 -5.06
12.21 33.68 -5.05
12.31 33.64 -5.04
12.36 33.24 -5.03
12.37 33.43 -5.02
12.43 33.11 -5.02
12.46 33.36 -5.01
12.36 27.35 -5.50
12.40 29.62 -5.17
12.49 29.55 -5.07
12.45 29.00 -5.05
12.39 29.49 -5.03
12.17 28.91 -5.22
12.24 28.38 -5.18
12.28 28.35 -5.16
12.33 27.87 -5.13
12.37 28.93 -5.11
12.30 29.47 -5.14
12.33 30.10 -5.12
12.43 29.93 -5.10
12.39 29.97 -5.09
12.35 29.78 -5.08
12.42 29.79 -5.06
12.46 29.92 -5.06
12.47 29.95 -5.05
12.47 30.51 -5.04
12.52 30.55 -5.03
12.35 26.82 -5.60
12.39 30.07 -5.22
12.49 29.88 -5.11
12.40 29.88 -5.06
12.33 31.35 -5.03
12.15 31.37 -5.25
12.24 32.03 -5.20
12.26 32.27 -5.17
12.29 32.73 -5.14
12.33 32.82 -5.12
12.20 33.41 -5.15
12.25 33.03 -5.12
12.35 32.62 -5.10
12.32 32.65 -5.09
12.25 32.31 -5.08
12.35 32.48 -5.07
12.43 32.20 -5.06
12.45 31.87 -5.06
12.48 31.76 -5.05
12.49 31.46 -5.05
12.32 26.39 -5.71
12.36 25.62 -5.27
12.44 26.15 -5.14
12.37 28.22 -5.09
12.33 29.08 -5.06
12.10 28.76 -5.21
12.19 28.77 -5.18
12.24 28.78 -5.15
12.31 28.72 -5.13
12.05 29.55 -5.25
11.97 30.12 -5.27
12.04 29.83 -5.23
12.15 29.62 -5.21
12.13 29.69 -5.19
12.10 29.64 -5.17
12.22 29.83 -5.16
12.29 29.96 -5.14
12.33 29.84 -5.13
12.37 29.92 -5.12
12.10 29.77 -5.17
11.97 32.60 -5.61
12.05 29.97 -5.22
12.14 32.68 -5.09
12.08 34.14 -5.05
12.06 32.96 -5.03
11.85 32.86 -5.20
11.73 32.19 -5.32
11.82 32.45 -5.27
11.93 31.95 -5.23
12.00 32.91 -5.20
11.95 33.23 -5.22
12.02 33.62 -5.19
12.14 33.08 -5.16
12.11 33.20 -5.15
12.06 33.65 -5.13
12.17 33.24 -5.12
12.26 32.73 -5.12
12.31 32.58 -5.11
12.01 32.27 -5.21
12.11 32.04 -5.19
11.96 36.74 -5.40
12.04 33.38 -5.12
12.15 33.59 -5.04
12.10 34.87 -5.02
12.08 34.28 -5.00
11.90 32.92 -5.17
12.01 33.39 -5.14
12.07 33.10 -5.12
12.12 33.66 -5.09
12.19 33.70 -5.07
12.04 33.59 -5.13
12.12 33.28 -5.10
12.23 32.83 -5.09
12.20 32.86 -5.08
12.17 32.39 -5.07
12.28 32.51 -5.06
12.36 32.31 -5.05
12.38 32.39 -5.05
12.43 32.20 -5.04
12.47 32.13 -5.03
12.27 27.20 -5.56
12.31 29.56 -5.19
12.37 31.27 -5.07
12.32 32.27 -5.05
12.25 31.50 -5.37
12.07 30.59 -5.48
12.18 30.03 -5.41
12.23 30.08 -5.35
12.27 30.84 -5.30
12.34 30.40 -5.26
12.17 30.77 -5.29
12.20 30.59 -5.25
12.29 30.87 -5.23
12.02 31.15 -5.35
11.97 31.43 -5.32
11.86 31.47 -5.41
11.97 31.61 -5.38
12.03 31.48 -5.36
12.11 31.51 -5.33
12.20 31.26 -5.31
12.11 34.58 -5.50
12.17 33.52 -5.16
12.27 31.17 -5.07
12.22 31.59 -5.04
12.16 30.90 -5.39
11.98 32.77 -5.52
12.07 33.31 -5.44
12.13 32.90 -5.37
12.17 33.64 -5.32
12.24 33.26 -5.28
12.09 32.64 -5.33
12.14 33.02 -5.29
12.22 32.83 -5.26
12.06 32.55 -5.39
11.77 32.73 -5.50
11.92 32.94 -5.46
12.05 32.76 -5.43
12.08 32.96 -5.40
12.16 32.76 -5.37
12.22 32.79 -5.35
12.16 31.57 -5.46
12.22 29.04 -5.15
12.31 27.80 -5.06
12.31 27.96 -5.04
12.22 29.53 -5.39
12.00 29.75 -5.49
12.11 29.89 -5.42
12.15 30.66 -5.35
12.21 31.14 -5.30
12.26 31.13 -5.26
12.16 31.28 -5.29
12.22 30.94 -5.26
12.29 31.06 -5.23
12.06 30.89 -5.35
11.81 31.01 -5.45
11.95 31.22 -5.41
12.04 30.99 -5.39
12.11 30.87 -5.36
12.17 30.86 -5.34
12.23 30.75 -5.32
12.04 27.13 -5.60
12.09 27.61 -5.21
12.19 28.91 -5.09
12.13 32.11 -5.06
12.08 31.11 -5.38
11.89 30.67 -5.53
12.00 29.81 -5.44
12.06 30.29 -5.38
12.16 29.88 -5.33
12.25 29.91 -5.29
12.15 29.92 -5.33
12.21 29.83 -5.29
12.28 30.38 -5.26
11.97 30.28 -5.38
11.96 30.35 -5.35
11.79 30.32 -5.45
11.92 30.51 -5.42
12.00 30.29 -5.40
12.08 30.22 -5.37
12.16 30.09 -5.35
12.04 31.68 -5.52
12.09 31.08 -5.17
12.21 31.26 -5.08
12.18 32.80 -5.05
12.13 32.28 -5.38
11.97 31.94 -5.52
12.06 32.77 -5.43
12.12 32.00 -5.38
12.18 31.99 -5.32
12.23 32.87 -5.28
12.09 33.49 -5.29
12.16 32.78 -5.25
12.25 32.63 -5.23
12.04 32.60 -5.34
12.00 32.40 -5.31
12.13 32.33 -5.29
12.19 32.42 -5.26
12.22 32.38 -5.25
12.30 32.06 -5.23
12.35 31.80 -5.22
12.21 28.93 -5.53
12.27 28.87 -5.18
12.35 29.03 -5.08
12.33 29.65 -5.06
12.26 30.50 -5.40
12.06 29.98 -5.50
12.14 30.52 -5.42
12.19 30.35 -5.36
12.25 30.30 -5.31
11.96 29.74 -5.40
11.85 29.47 -5.45
11.93 29.72 -5.39
12.06 29.78 -5.36
11.90 29.79 -5.41
11.86 30.05 -5.38
12.00 30.24 -5.35
11.78 30.31 -5.41
11.86 30.27 -5.39
11.97 30.21 -5.36
11.74 30.38 -5.40
11.67 33.27 -5.56
11.77 35.65 -5.19
11.91 32.83 -5.09
11.92 31.43 -5.05
11.92 31.74 -5.04
11.74 30.34 -5.18
11.85 30.09 -5.14
11.92 30.94 -5.11
12.02 31.07 -5.09
12.11 30.62 -5.08
11.99 31.54 -5.11
12.05 32.36 -5.08
12.17 32.15 -5.07
12.16 32.02 -5.06
12.13 32.01 -5.05
12.25 31.77 -5.04
12.32 31.59 -5.04
12.36 31.69 -5.03
12.41 31.57 -5.03
12.45 31.38 -5.02
12.33 35.26 -5.48
12.37 30.71 -5.16
12.45 31.27 -5.07
12.40 31.59 -5.04
12.34 31.10 -5.17
12.12 30.51 -5.33
12.19 30.62 -5.27
12.22 31.18 -5.22
12.26 32.07 -5.18
12.29 31.36 -5.16
12.13 31.36 -5.20
12.19 31.74 -5.17
12.27 31.65 -5.15
12.04 31.47 -5.23
11.80 31.65 -5.32
11.94 31.99 -5.29
12.03 32.06 -5.27
12.10 31.67 -5.26
12.16 31.78 -5.24
12.22 31.86 -5.22
12.12 38.21 -5.35
12.18 36.12 -5.09
12.25 34.74 -5.00
12.25 33.01 -5.00
12.15 32.88 -5.16
11.98 32.26 -5.34
12.08 32.57 -5.28
12.12 32.96 -5.23
12.19 32.94 -5.20
12.27 32.34 -5.18
12.13 32.82 -5.19
12.18 33.24 -5.16
12.28 33.01 -5.15
12.27 32.92 -5.14
12.22 33.05 -5.12
12.32 33.09 -5.11
12.41 32.88 -5.10
12.43 33.05 -5.09
12.44 33.40 -5.08
12.51 33.02 -5.07
12.38 37.18 -5.48
12.40 31.88 -5.15
12.50 29.28 -5.07
12.47 28.33 -5.05
12.39 28.30 -5.02
12.15 28.17 -5.19
12.20 29.07 -5.15
12.24 29.17 -5.12
12.30 29.06 -5.10
12.36 29.31 -5.09
12.32 29.58 -5.12
12.37 29.83 -5.10
12.43 30.08 -5.08
12.41 29.92 -5.07
12.34 30.20 -5.06
12.43 30.21 -5.05
12.47 29.92 -5.05
12.49 30.09 -5.04
12.49 30.73 -5.03
12.50 31.27 -5.02
12.33 38.60 -5.36
12.36 41.18 -5.09
12.46 36.71 -5.03
12.44 33.76 -5.02
12.38 32.21 -5.01
12.15 31.32 -5.16
12.23 31.51 -5.13
12.25 31.94 -5.10
12.30 32.11 -5.08
12.37 31.78 -5.07
12.18 31.07 -5.12
12.22 31.93 -5.10
12.34 31.44 -5.08
12.32 31.17 -5.08
12.26 31.15 -5.07
12.36 31.38 -5.05
12.44 31.08 -5.05
12.43 31.47 -5.04
12.47 31.18 -5.03
12.50 31.55 -5.03
12.40 27.19 -5.75
12.42 31.71 -5.29
12.50 31.48 -5.15
12.45 30.90 -5.10
12.38 32.29 -5.07
12.16 32.74 -5.27
12.21 32.74 -5.21
12.23 32.95 -5.17
12.28 32.61 -5.14
12.32 33.28 -5.12
12.14 33.12 -5.14
12.21 32.80 -5.12
12.27 33.34 -5.09
12.23 33.00 -5.08
12.18 33.12 -5.07
12.28 33.06 -5.06
12.33 32.85 -5.05
12.34 33.14 -5.04
12.36 33.13 -5.03
12.41 33.15 -5.03
12.24 34.16 -5.43
12.29 31.35 -5.13
12.39 30.99 -5.05
12.35 31.20 -5.03
12.31 30.55 -5.02
12.12 30.06 -5.18
12.22 30.33 -5.14
12.23 31.45 -5.11
12.28 31.87 -5.09
12.34 31.83 -5.08
12.22 32.39 -5.11
12.27 32.53 -5.09
12.34 32.33 -5.07
12.29 32.43 -5.06
12.25 32.19 -5.06
12.34 32.55 -5.04
12.38 32.29 -5.04
12.40 32.29 -5.03
12.47 32.00 -5.03
12.50 32.14 -5.02
12.41 27.84 -5.47
12.43 30.86 -5.15
12.51 29.77 -5.06
12.43 29.62 -5.03
12.37 30.24 -5.01
12.13 30.38 -5.18
12.21 31.78 -5.15
12.25 31.53 -5.12
12.29 31.25 -5.09
12.02 31.22 -5.20
11.90 31.32 -5.23
11.98 31.71 -5.20
12.09 31.97 -5.17
12.06 31.99 -5.15
12.03 31.93 -5.14
12.16 31.69 -5.12
12.26 31.34 -5.11
12.29 31.25 -5.11
12.33 31.09 -5.10
12.07 31.09 -5.15
11.94 26.16 -5.63
12.01 30.96 -5.23
12.10 31.69 -5.10
12.07 32.54 -5.07
12.02 32.98 -5.03
11.81 33.68 -5.20
11.91 33.59 -5.15
11.97 32.78 -5.13
12.05 32.72 -5.10
12.14 32.54 -5.09
12.03 32.43 -5.14
12.08 32.78 -5.11
12.20 32.65 -5.09
12.17 32.65 -5.09
12.14 32.33 -5.08
12.24 32.35 -5.06
12.29 31.97 -5.05
12.32 31.95 -5.05
12.39 31.79 -5.04
12.42 31.67 -5.04
12.24 30.50 -5.74
12.28 31.68 -5.29
12.34 33.49 -5.13
12.28 34.03 -5.09
12.23 32.00 -5.06
12.03 31.69 -5.23
12.10 31.90 -5.18
12.16 31.18 -5.16
12.19 32.33 -5.12
12.24 32.52 -5.10
12.23 32.10 -5.15
12.28 31.49 -5.12
12.34 31.68 -5.10
12.33 31.58 -5.09
12.27 31.57 -5.08
12.37 31.48 -5.07
12.45 31.26 -5.06
12.47 31.38 -5.06
12.50 31.46 -5.05
12.54 31.30 -5.05
12.39 28.17 -5.53
12.43 28.03 -5.18
12.51 29.10 -5.09
12.49 29.01 -5.07
12.42 30.09 -5.04
12.22 30.24 -5.23
12.26 31.34 -5.18
12.30 31.53 -5.16
12.37 31.02 -5.13
12.42 31.05 -5.11
12.35 30.80 -5.17
12.37 30.88 -5.14
12.41 31.56 -5.12
12.38 31.60 -5.11
12.30 32.25 -5.09
12.40 32.59 -5.08
12.41 32.27 -5.07
12.44 32.03 -5.06
12.47 31.81 -5.05
12.50 31.65 -5.05
12.35 34.42 -5.48
12.38 29.93 -5.16
12.43 31.86 -5.05
12.38 31.22 -5.02
12.29 30.12 -5.00
12.05 29.77 -5.22
12.12 30.53 -5.17
12.16 31.19 -5.14
12.21 31.56 -5.11
12.28 31.60 -5.10
12.14 32.09 -5.13
12.20 31.89 -5.11
12.30 31.43 -5.09
12.27 31.49 -5.08
12.23 31.40 -5.07
12.35 31.08 -5.06
12.42 31.26 -5.05
12.45 31.32 -5.05
12.45 31.82 -5.04
12.48 31.74 -5.04
12.34 38.73 -5.42
12.38 33.94 -5.12
12.46 34.30 -5.04
12.41 33.57 -5.02
12.35 32.19 -5.01
12.12 30.96 -5.17
12.19 31.59 -5.13
12.22 31.99 -5.11
12.28 31.67 -5.09
12.32 31.60 -5.07
12.20 31.21 -5.12
12.25 31.67 -5.09
12.33 31.42 -5.08
12.27 31.76 -5.07
12.23 31.63 -5.06
12.33 31.74 -5.05
12.37 31.70 -5.04
12.40 31.30 -5.04
12.42 31.06 -5.03
12.47 30.97 -5.02
12.36 36.91 -5.27
12.40 32.30 -5.05
12.48 30.90 -5.00
12.46 29.97 -5.00
12.37 29.32 -4.98
12.14 30.63 -5.20
12.23 31.45 -5.16
12.26 31.37 -5.14
12.31 31.34 -5.11
12.35 31.25 -5.10
12.23 30.96 -5.14
12.27 30.40 -5.11
12.34 30.61 -5.09
12.27 30.82 -5.08
12.23 30.58 -5.07
12.33 30.27 -5.06
12.39 30.34 -5.05
12.42 30.27 -5.05
12.45 30.41 -5.04
12.49 30.55 -5.03
12.37 35.66 -5.60
12.40 36.48 -5.22
12.48 34.32 -5.10
12.45 32.11 -5.08
12.39 30.80 -5.05
12.20 30.80 -5.22
12.29 30.48 -5.18
12.33 30.27 -5.15
12.38 30.15 -5.13
12.43 30.51 -5.11
12.32 30.92 -5.14
12.35 31.48 -5.11
12.41 31.23 -5.09
12.37 31.16 -5.08
12.32 30.97 -5.07
12.42 31.04 -5.06
12.48 31.12 -5.05
12.50 30.87 -5.05
12.55 30.69 -5.04
12.56 31.05 -5.04
12.39 35.25 -5.45
12.43 32.54 -5.14
12.48 34.49 -5.04
12.41 33.88 -5.02
12.34 34.20 -5.00
12.12 34.52 -5.18
12.23 33.58 -5.15
12.28 32.66 -5.13
12.36 32.19 -5.11
12.04 31.48 -5.23
11.99 31.04 -5.29
12.06 31.20 -5.25
12.14 31.37 -5.22
12.11 31.57 -5.20
12.08 31.67 -5.18
12.19 31.88 -5.16
12.28 31.62 -5.15
12.32 31.48 -5.14
12.39 31.06 -5.12
12.11 31.26 -5.18
11.99 31.15 -5.56
12.06 31.87 -5.19
12.16 32.25 -5.08
12.14 31.82 -5.06
12.09 31.73 -5.03
11.87 31.73 -5.21
11.98 31.64 -5.17
12.06 30.75 -5.15
12.14 30.49 -5.13
12.21 30.54 -5.11
12.15 30.17 -5.15
12.19 30.19 -5.12
12.28 30.02 -5.10
12.24 30.15 -5.09
12.20 30.08 -5.08
12.29 30.69 -5.07
12.37 30.66 -5.06
12.41 30.52 -5.05
12.44 30.76 -5.05
12.46 30.61 -5.04
12.38 26.02 -5.81
12.41 30.92 -5.32
12.50 30.30 -5.18
12.43 30.83 -5.12
12.37 30.40 -5.09
12.14 31.00 -5.30
12.21 30.15 -5.24
12.24 30.29 -5.21
12.30 30.16 -5.18
12.37 29.89 -5.15
12.27 29.87 -5.20
12.32 29.71 -5.17
12.40 29.78 -5.14
12.33 30.02 -5.13
12.28 30.38 -5.12
12.36 30.83 -5.10
12.42 30.78 -5.09
12.41 30.98 -5.08
12.45 30.77 -5.07
12.50 30.74 -5.06
12.37 26.44 -5.65
12.40 29.69 -5.24
12.47 29.67 -5.11
12.38 31.36 -5.07
12.31 31.78 -5.04
12.13 30.57 -5.24
12.19 32.07 -5.19
12.22 32.26 -5.16
12.28 31.89 -5.13
12.33 32.19 -5.11
12.19 31.75 -5.14
12.24 31.85 -5.12
12.33 32.13 -5.10
12.30 31.80 -5.09
12.26 31.66 -5.08
12.36 31.83 -5.07
12.44 31.76 -5.06
12.43 32.28 -5.05
12.47 31.95 -5.04
12.49 32.23 -5.04
12.38 33.24 -5.45
12.41 33.78 -5.14
12.46 33.89 -5.04
12.39 33.60 -5.02
12.33 32.63 -5.00
12.11 33.19 -5.18
12.19 33.38 -5.14
12.24 32.69 -5.12
12.29 32.51 -5.09
12.34 32.00 -5.08
12.12 31.99 -5.12
12.17 32.33 -5.10
12.27 32.14 -5.08
12.23 32.33 -5.07
12.18 32.17 -5.06
12.29 32.20 -5.05
12.36 32.32 -5.05
12.39 32.43 -5.04
12.43 32.34 -5.03
12.47 32.46 -5.03
12.43 30.53 -5.82
12.46 29.62 -5.32
12.51 30.25 -5.16
12.42 32.52 -5.11
12.36 32.87 -5.07
12.12 31.82 -5.22
12.22 31.05 -5.19
12.25 31.89 -5.15
12.29 32.01 -5.12
12.35 31.62 -5.11
12.25 31.57 -5.15
12.30 31.31 -5.12
12.40 31.32 -5.11
12.33 31.65 -5.10
12.27 31.54 -5.08
12.36 31.21 -5.07
12.41 31.14 -5.06
12.44 30.96 -5.06
12.48 30.95 -5.05
12.54 30.82 -5.04
12.33 24.99 -5.68
12.36 30.69 -5.25
12.43 31.94 -5.12
12.35 31.59 -5.07
12.30 32.60 -5.04
12.10 31.33 -5.20
12.20 31.59 -5.16
12.23 32.34 -5.13
12.30 31.50 -5.11
12.33 32.17 -5.09
12.15 31.74 -5.14
12.21 31.30 -5.12
12.31 31.31 -5.10
12.28 31.51 -5.09
12.22 31.04 -5.08
12.33 30.97 -5.07
12.39 31.23 -5.06
12.40 31.42 -5.05
12.43 31.58 -5.04
12.49 31.43 -5.04
12.40 31.52 -5.56
12.44 31.08 -5.20
12.50 31.98 -5.08
12.43 32.42 -5.05
12.36 32.42 -5.03
12.17 31.45 -5.19
12.23 30.97 -5.15
12.24 32.17 -5.11
12.31 31.85 -5.09
12.35 31.45 -5.08
12.22 30.92 -5.14
12.27 30.76 -5.11
12.35 30.58 -5.10
12.30 30.43 -5.08
12.25 30.70 -5.07
12.38 30.42 -5.06
12.43 30.51 -5.06
12.46 30.19 -5.05
12.52 29.95 -5.05
12.57 30.00 -5.04
12.39 31.54 -5.41
12.42 30.19 -5.12
12.50 30.95 -5.04
12.43 29.92 -5.01
12.36 30.16 -5.00
12.11 29.41 -5.22
12.19 29.07 -5.18
12.23 29.70 -5.15
12.27 30.37 -5.12
12.01 30.83 -5.25
11.95 31.03 -5.29
12.02 31.20 -5.25
12.12 31.33 -5.22
12.10 31.32 -5.20
12.08 31.10 -5.18
12.19 31.18 -5.16
12.26 31.34 -5.15
12.30 31.09 -5.14
12.33 31.19 -5.13
12.07 30.83 -5.17
12.01 31.43 -5.54
12.08 33.89 -5.19
12.18 32.45 -5.08
12.12 32.72 -5.04
12.08 33.67 -5.02
11.86 33.68 -5.21
11.93 34.81 -5.17
11.99 35.06 -5.13
12.06 34.96 -5.11
12.14 34.35 -5.09
12.05 33.80 -5.14
12.11 33.63 -5.12
12.20 33.88 -5.10
12.19 33.98 -5.09
12.16 33.47 -5.08
12.25 33.54 -5.06
12.31 33.41 -5.06
12.35 33.11 -5.05
12.41 32.79 -5.04
12.45 32.46 -5.04
12.33 29.90 -5.75
12.37 32.50 -5.29
12.42 34.13 -5.14
12.39 32.15 -5.09
12.33 32.98 -5.06
12.11 33.23 -5.25
12.19 32.54 -5.20
12.22 32.28 -5.17
12.30 31.90 -5.14
12.36 31.96 -5.13
12.28 31.86 -5.16
12.30 32.26 -5.13
12.39 31.77 -5.11
12.31 32.27 -5.10
12.24 32.33 -5.09
12.33 32.34 -5.07
12.42 32.11 -5.07
12.45 31.91 -5.06
12.50 31.82 -5.05
12.52 32.03 -5.05
12.42 26.12 -5.77
12.45 26.84 -5.30
12.50 29.16 -5.15
12.47 29.41 -5.11
12.39 29.22 -5.07
12.21 28.75 -5.28
12.29 29.80 -5.23
12.31 29.96 -5.20
12.39 29.71 -5.17
12.43 29.50 -5.15
12.32 29.84 -5.17
12.36 29.60 -5.14
12.43 29.53 -5.12
